255
2799
3733
5020
5530
6459
7959
9191
9893
10494
11356
11786
14079
15298
16557
16960
16903
17006
18655
19620
20314
20508
21078
21399
22348
25207
25701
26275
27227
28207
29195
30799
34038
34695
35371
36162
37824
39115
40386
41931
43173
44129
45466
45750
47138
47776
49631
50302
51222
51606
52430
53416
54702
57109
58179
60346
63264
65780
66550
68337
70048
71265
72115
72927
74521
75480
77299
77593
77519
78799
79453
80864
81958
83529
83708
85312
87354
87848
89032
90092
91035
91397
93179
94653
96008
97084
98403
99647
100711
102240
103153
103985
105244
106456
107474
108217
110984
111433
111846
112599
113219
114487
115724
117099
117549
118645
119284
120135
121551
122856
125680
127587
129336
131260
134212
134750
135582
136464
136917
138633
141225
141967
142670
143705
144472
145017
146310
146694
147870
148795
149601
150953
151599
152231
152812
155426
156201
156883
157732
159126
160112
160604
161486
162031
164534
167264
169727
170575
171465
173444
174882
176528
176954
177624
178462
179153
180754
182308
183620
184095
185069
185947
188650
189506
189847
190599
191708
192580
193429
194717
195664
196534
197898
200360
200967
201996
202556
203348
204496
205089
208608
209580
211820
212266
213629
213932
214125
214836
215255
215979
217003
218775
219594
219995
220928
221621
222645
223408
225312
225457
225575
228662
228875
229004
229970
230881
231922
232549
233955
234782
235538
236002
236798
237007
238120
238736
240189
240816
243303
244121
245094
245805
246239
246502
247461
248134
251953
252298
252699
253161
255716
256435
257771
258230
259324
260715
261980
262170
262893
263231
263471
263956
264430
264767
265311
265777
267229
268184
269406
270978
271878
274341
275952
276871
278026
278905
279099
281207
282410
284392
286001
287623
288386
289529
290376
290570
292172
293142
294023
294803
296320
296478
297950
300158
301111
301797
302829
303406
304429
306041
308556
309250
309895
310560
311563
311738
312001
312466
314814
315677
317543
317791
319225
320305
321551
322989
323677
324588
326471
327957
328558
330720
332683
333657
334246
335109
336012
337549
338967
340339
341731
343157
344215
344873
345561
345983
347667
348796
350405
351890
353816
355405
356678
357914
358682
359183
360370
361084
362403
365529
366734
367644
369499
370445
371329
372148
373095
374105
375894
376535
377592
378795
379105
380066
380940
381803
383159
383840
385418
386198
387022
387870
388951
391829
392125
394353
395511
397083
398190
398557
399029
400147
400870
402386
402825
404042
404868
405446
406153
406394
407329
407685
409243
410276
411705
414977
416176
417055
418408
420134
421583
423556
424142
425305
426488
426843
428718
429700
430176
431237
432075
432675
433782
434341
434780
435835
436331
437359
439401
440325
440567
442221
442865
443739
444398
445890
446929
447270
447884
449865
450834
452769
453391
454013
455655
456524
457924
460466
460947
463010
463532
464024
464771
466536
467454
468065
469867
471641
472160
473476
474385
475175
475595
475785
476249
477841
478475
479142
479532
479932
483627
484843
485632
489122
489495
490036
490483
491187
493247
493629
494234
496218
497043
498241
499197
500653
502462
503920
505790
506306
506511
507304
507783
510603
511797
513092
513624
514083
514997
515820
516586
517503
518373
518989
519643
522054
526765
527173
530450
531445
532157
533050
534921
535710
536688
538311
539732
541090
542257
543270
544516
545587
547571
549665
550555
551817
552323
553163
553660
555219
555776
556096
556964
557977
558889
561523
562542
563068
563703
564022
565201
566364
567227
567870
569651
570667
571474
571692
572144
572314
572597
572956
573093
573562
574976
576836
577333
577791
577732
578116
578817
579309
579668
580602
583653
584856
585324
586131
587204
590177
592401
593993
594666
596196
596686
597925
601080
602558
603886
604647
605109
605422
606606
607015
607211
608400
609311
611717
613162
613383
617261
618610
619422
620411
621412
622773
623733
625283
626903
627774
628520
628936
631222
631602
632700
633969
634599
635792
636841
637796
638731
640541
641090
642549
643190
644226
645803
646732
647258
648794
649713
650006
651079
653116
653765
655191
656340
656724
657161
658373
659439
660601
661501
661865
663186
664413
665536
667440
667938
668259
669130
669795
670828
671409
674006
674723
675770
676641
678065
678629
679438
680886
682616
683635
684478
685152
685892
686970
688236
690104
691007
691564
692601
694178
695499
695727
695839
695963
696053
696162
696270
696356
698400
699549
700817
701974
702834
705113
706980
708963
709339
709869
709948
710688
711121
712025
712755
714421
715129
717488
719683
720063
720956
723637
724202
726259
727955
728044
728563
732999
733325
735442
738076
738733
740148
741779
742793
743472
744398
745122
745949
746992
748205
748930
751392
752018
753691
754789
755130
756896
757628
760730
761962
763403
764272
765098
767183
769834
772249
773404
773532
773825
774379
775068
775500
776830
778255
778811
779612
779852
780063
780141
780366
780445
780667
780875
782351
783108
784046
784540
785908
786818
788060
789202
790252
791278
793011
793867
794145
795085
795774
796835
797654
798804
799798
801034
802543
804987
806504
807132
808480
809607
810758
811500
812170
814770
815870
817256
817790
818278
818516
818970
819811
820729
821721
822962
823720
824263
825331
826475
828204
829195
829866
831459
832173
834443
835433
836659
837148
837679
838430
840754
841279
842481
844703
845686
846342
847227
848134
849320
850188
851820
852163
852263
852873
853988
854967
856778
858284
859251
861829
862734
863527
864352
865587
866756
868614
870172
871110
872024
874550
875886
877258
877854
879080
879703
881152
881957
882611
884128
884453
885354
886562
887182
887277
889042
889689
889976
890423
891129
892092
892656
894119
895347
896310
897152
897700
898868
899798
900757
901473
902211
902957
903690
904139
904966
905976
907505
908517
910272
911373
913037
914080
915270
917354
918343
919573
921516
921813
922456
924763
925194
925666
926655
928418
930185
931273
932312
936436
937206
938560
939943
942626
943254
944119
944780
946242
947882
948791
949481
950303
952777
953689
955855
956677
957964
959318
960251
961107
962891
963335
965807
967592
968575
969844
970078
970821
971868
972624
973545
974864
975549
980009
982117
982846
983520
984932
986205
988208
989579
992457
993267
994055
995211
996167
996735
997630
998414
1001039
1002100
1002654
1003177
1003880
1005001
1005717
1006823
1009175
1011094
1012477
1014122
1014682
1015105
1015693
1017522
1018160
1019276
1020142
1020990
1023106
1023571
1025748
1026238
1026996
1027582
1027944
1029192
1029565
1029891
1030641
1030935
1032480
1034270
1034996
1035580
1035975
1036829
1038507
1039655
1039760
1041138
1043433
1043899
1045026
1047168
1047914
1048555
1048967
1049331
1049753
1050398
1050896
1051300
1051463
1052585
1055401
1056512
1057177
1058479
1061025
1061621
1062078
1062998
1064515
1066049
1066314
1066931
1067477
1069062
1069577
1070178
1070988
1071382
1072086
1073234
1074103
1078105
1080036
1082593
1083870
1085279
1085742
1087069
1089080
1091512
1093457
1094364
1094660
1096052
1096875
1098047
1098839
1099417
1100010
1100907
1101350
1101764
1102419
1103629
1104125
1104516
1104948
1105576
1106999
1108164
1110093
1112629
1113029
1113404
1114713
1115805
1117082
1117699
1118269
1118670
1119809
1120178
1120710
1121830
1122496
1123277
1124549
1125369
1126027
1126952
1128597
1129053
1129351
1130086
1130657
1131065
1131772
1133005
1133780
1134734
1135485
1136594
1137535
1139244
1140209
1143590
1144045
1145122
1145818
1145980
1146538
1146763
1147914
1148935
1149880
1150627
1151074
1152403
1153332
1154357
1154988
1155989
1156797
1158525
1160774
1161467
1161847
1162502
1163307
1164343
1164908
1166612
1167361
1168055
1168553
1169597
1173187
1174388
1175849
1176543
1177787
1178727
1179582
1180490
1180948
1182052
1182843
1183667
1184817
1186293
1187463
1188999
1189670
1191209
1191854
1192996
1193511
1194174
1195596
1196755
1197460
1198811
1200029
1200255
1201061
1201307
1202156
1202447
1203048
1203383
1204954
1206720
1207353
1207768
1208342
1209462
1210402
1211226
1212330
1213282
1214698
1215248
1215563
1215858
1216219
1218074
1218424
1221857
1222211
1222386
1222672
1223768
1224584
1225303
1226191
1226695
1227230
1227961
1228499
1229617
1230409
1231677
1232253
1233940
1234880
1236464
1238092
1239172
1241294
1242303
1243014
1243750
1244205
1244823
1246599
1248337
1248980
1250061
1252208
1255175
1257035
1257736
1258292
1260026
1261098
1262100
1262723
1264193
1265317
1266150
1266539
1267352
1268242
1268498
1268612
1269033
1269146
1269568
1269683
1271072
1271572
1272425
1272822
1274401
1275052
1276841
1278571
1282830
1284365
1285072
1285749
1286459
1286399
1286551
1286845
1287847
1288355
1289373
1290478
1291588
1292145
1293367
1297344
1298468
1300837
1301843
1302766
1303791
1304792
1305174
1306669
1306985
1308293
1308889
1309832
1310270
1310914
1311687
1312682
1313248
1313794
1314059
1315246
1316439
1317809
1319408
1320970
1321106
1322125
1322742
1324665
1325751
1326381
1327136
1328405
1328692
1331669
1332853
1333312
1333482
1336530
1337184
1338118
1338575
1339751
1340682
1341008
1341352
1342370
1342633
1344766
1344924
1346936
1348131
1349063
1349784
1350658
1351652
1352542
1353494
1355134
1355692
1357211
1358932
1359908
1360492
1362254
1363536
1364839
1365936
1366771
1367049
1367408
1367638
1368027
1369919
1371225
1372127
1372956
1374039
1374846
1375911
1378175
1378831
1380876
1381985
1383538
1384596
1386285
1386835
1387919
1388622
1389877
1390914
1392864
1393946
1395116
1395646
1396646
1397550
1398260
1399797
1401279
1402589
1403673
1403833
1404566
1405819
1407057
1407274
1408908
1409972
1411259
1411476
1411764
1411951
1412817
1415410
1415787
1416032
1416253
1417183
1417335
1417480
1418265
1418685
1419130
1420000
1420753
1421609
1423263
1423664
1426750
1430435
1431010
1431698
1432281
1433643
1434917
1435253
1438808
1439348
1439767
1440867
1443714
1443896
1444230
1445307
1447042
1449373
1451666
1452880
1453179
1453934
1454446
1455524
1456288
1457076
1458505
1458917
1460122
1461462
1462513
1463085
1463254
1466850
1467173
1468533
1473105
1475474
1476250
1477146
1478919
1480225
1480884
1484987
1486059
1487695
1489456
1489530
1489874
1490095
1490153
1490198
1492134
1493095
1494655
1496535
1496899
1497501
1498473
1499589
1500179
1501149
1502889
1504104
1504732
1506766
1507088
1507486
1507948
1509433
1510823
1511854
1512796
1513580
1515026
1515218
1515586
1515905
1516355
1516870
1518088
1518951
1521089
1522392
1524004
1524888
1525176
1528428
1530976
1531309
1531875
1532893
1533882
1534641
1535333
1536877
1540614
1542084
1542743
1545193
1548472
1549369
1550015
1550706
1551862
1553693
1553987
1554304
1555080
1556062
1557041
1557934
1558953
1560505
1561100
1563757
1565164
1566847
1568513
1570069
1573226
1575643
1577366
1578814
1580548
1581711
1581983
1584510
1585758
1586320
1586863
1590200
1590466
1598233
1599265
1601049
1602071
1603063
1604097
1604999
1605313
1606128
1607046
1608704
1609878
1610349
1611275
1612727
1613709
1614902
1616242
1616932
1617578
1617981
1618231
1619161
1620543
1620765
1620938
1621874
1622521
1623315
1625404
1626287
1627062
1627442
1628937
1631329
1632236
1632909
1633871
1635013
1635481
1635806
1636133
1636691
1637551
1637358
1638081
1638389
1638609
1639578
1640091
1641265
1642328
1642926
1643298
1643657
1643896
1644226
1644761
1645874
1646365
1646687
1646817
1647065
1647458
1647821
1648009
1651939
1653165
1653697
1654173
1654768
1655481
1655894
1658519
1661003
1661631
1662487
1663144
1664595
1665243
1666588
1667616
1668976
1669708
1669884
1670805
1671173
1671525
1672971
1674384
1675927
1677395
1678963
1679722
1680054
1680902
1682207
1683212
1684612
1686401
1687775
1689384
1690875
1692287
1694095
1695076
1696064
1697204
1698971
1700153
1701258
1702332
1702700
1703188
1703714
1704372
1704950
1707165
1708224
1708848
1709547
1710182
1712295
1713006
1713913
1715246
1716031
1716419
1717626
1718367
1718848
1719285
1720145
1722157
1722679
1723656
1723944
1724646
1725780
1726268
1727018
1731727
1732125
1733274
1733983
1735314
1735569
1736893
1737822
1739146
1740585
1741266
1742854
1744151
1744535
1744616
1745029
1746759
1747583
1748372
1749037
1749748
1751854
1752501
1753165
1755134
1755681
1756749
1757314
1758547
1759815
1760536
1762033
1762410
1762804
1763146
1763656
1766709
1768210
1768501
1768995
1770309
1771801
1772679
1773468
1775206
1776371
1777325
1778405
1779363
1780708
1780998
1782701
1785136
1786302
1787505
1787828
1789268
1790044
1790755
1791582
1792133
1793176
1793576
1795968
1796966
1797294
1797773
1798023
1798662
1800594
1803296
1804107
1805323
1805714
1806680
1807257
1808072
1808825
1810349
1811156
1811687
1814152
1815159
1816524
1817471
1817829
1819238
1819643
1820280
1821309
1822426
1822961
1823649
1824947
1826283
1827758
1828789
1830006
1831258
1832135
1832817
1833539
1834087
1835263
1836771
1837424
1838798
1839427
1839921
1840159
1841738
1842895
1844984
1846032
1846700
1848717
1849900
1850552
1852003
1852878
1853995
1854952
1855793
1856857
1858253
1859356
1859998
1860453
1861790
1862758
1863660
1864496
1866866
1868262
1869884
1871555
1872101
1872206
1872822
1873600
1874878
1875280
1875556
1876764
1876895
1876972
1877279
1877609
1877972
1878783
1879833
1881021
1882657
1883813
1884834
1886015
1887770
1888556
1889291
1891259
1891735
1892456
1892755
1894190
1894772
1896320
1898049
1899609
1901043
1901906
1902770
1903283
1904278
1905084
1905459
1905615
1906572
1906790
1907188
1908123
1909673
1910600
1912840
1913558
1914152
1915565
1918167
1919686
1920040
1920336
1920993
1921338
1921308
1921730
1922615
1922993
1923362
1924120
1924806
1926863
1927731
1928414
1928771
1930083
1930780
1932628
1934338
1935545
1937115
1938217
1939659
1940607
1941441
1942223
1943380
1944000
1944204
1944877
1945400
1946175
1946656
1948546
1949422
1950237
1950685
1951469
1952437
1955031
1956156
1957290
1957870
1959819
1960484
1960996
1963074
1964215
1965061
1965461
1966525
1967388
1969008
1970715
1971363
1973348
1974279
1975163
1975868
1976221
1977045
1977239
1978205
1979636
1980411
1981564
1983093
1984152
1985452
1985782
1985983
1986569
1987237
1987514
1988916
1989643
1989925
1990011
1990141
1990841
1992730
1993383
1994066
1994856
1995838
1996503
1997504
1998409
1999048
1999813
2001630
2003302
2003737
2004102
2005667
2006114
2007506
2007736
2008513
2009103
2011038
2012911
2013899
2014578
2015951
2016413
2017537
2018106
2019115
2019525
2019893
2020630
2020909
2021702
2022615
2022847
2023237
2023337
2024350
2026041
2026394
2027390
2028483
2028942
2030341
2031103
2031508
2031763
2034710
2036176
2036847
2037393
2038506
2039142
2040049
2040922
2041581
2042472
2042648
2050038
2052983
2054539
2055598
2056126
2057714
2057950
2058938
2059957
2060359
2061347
2062491
2063246
2063788
2065345
2067881
2068204
2069542
2072682
2074335
2074778
2075062
2075504
2075967
2077385
2078615
2079286
2080571
2082207
2082477
2083549
2085086
2085138
2086282
2087152
2087489
2087737
2088070
2089115
2090425
2091492
2092559
2093149
2093886
2094644
2095249
2096325
2097637
2099292
2100935
2102533
2103108
2104081
2105250
2106353
2107608
2108162
2109043
2110000
2111085
2112351
2113920
2115151
2116428
2118182
2119578
2121003
2122544
2123770
2124246
2125214
2126338
2126912
2127674
2128902
2130094
2130579
2131421
2133676
2134122
2135267
2137509
2139636
2140239
2140972
2144607
2145564
2147050
2149009
2149670
2150496
2151152
2151475
2151432
2151803
2151761
2153287
2156409
2159487
2160903
2162303
2163022
2163545
2165053
2165224
2165544
2166330
2167635
2168559
2169422
2170897
2172300
2172588
2173071
2174343
2175226
2176586
2178120
2179121
2180083
2180803
2181673
2182538
2183323
2183818
2184763
2185320
2186436
2188932
2189667
2190244
2190818
2192190
2194355
2201933
2202311
2203706
2205996
2207125
2209708
2210218
2210984
2212666
2213619
2213786
2214498
2215429
2216579
2217503
2220011
2221922
2222892
2223653
2224401
2225292
2227087
2228407
2229044
2229736
2230750
2231619
2231861
2233293
2234522
2235775
2237311
2238370
2239690
2240989
2241674
2242768
2244791
2246554
2247640
2248788
2249719
2250810
2252167
2253208
2254036
2255357
2256389
2257318
2259432
2260387
2261517
2263066
2263317
2264044
2265733
2266837
2267589
2268567
2270304
2272200
2273295
2274320
2275911
2276259
2277782
2278505
2280414
2280823
2281969
2282378
2284158
2284309
2288103
2289169
2290432
2290986
2292926
2293402
2293608
2294342
2295046
2295666
2296281
2296740
2297600
2298282
2300775
2301035
2301519
2301792
2302415
2304776
2306637
2307363
2308427
2309556
2310771
2311198
2314182
2314849
2317898
2319891
2321273
2322131
2322781
2324100
2325315
2326165
2327819
2332981
2334666
2337442
2338311
2342191
2345172
2346536
2346790
2347494
2349033
2350396
2352297
2353546
2354733
2355825
2356023
2356867
2358174
2359436
2360233
2361655
2362297
2363001
2363642
2365089
2366061
2368043
2368930
2370582
2370914
2371300
2371560
2373025
2373984
2374841
2375614
2377281
2378665
2379049
2379565
2380547
2381946
2383744
2384853
2385459
2386448
2387079
2387986
2389527
2391063
2393068
2393367
2393918
2394472
2395464
2398187
2399577
2400074
2401867
2402635
2403094
2404663
2406800
2407483
2409374
2410111
2410616
2411154
2412694
2414913
2416623
2417198
2417810
2418507
2419290
2419709
2420623
2421561
2422531
2423255
2423938
2424810
2425813
2426648
2428260
2428785
2429706
2430964
2431948
2432763
2433658
2434671
2435873
2436967
2438142
2439627
2441792
2442191
2442773
2443582
2444406
2445495
2446462
2447179
2448071
2448612
2449097
2449606
2450358
2453668
2454834
2457181
2458491
2458956
2460668
2462092
2463029
2464255
2464405
2465724
2466239
2467156
2468484
2469539
2470903
2471988
2472878
2473542
2473895
2474200
2474532
2474620
2475651
2477206
2478552
2480198
2481361
2482391
2485989
2487190
2488208
2489972
2491276
2492424
2492995
2493314
2494587
2495014
2496317
2498390
2499139
2500009
2502507
2503569
2504654
2505916
2506264
2507448
2508908
2509349
2510728
2512266
2513465
2515854
2516138
2516253
2516833
2517227
2518694
2519028
2519148
2519270
2519350
2520499
2522007
2522900
2523913
2524878
2525966
2526181
2528198
2529255
2530246
2531402
2532043
2533815
2534365
2535259
2535738
2536505
2537605
2538836
2539701
2540534
2541550
2542645
2543631
2544691
2546119
2547428
2548567
2549238
2549748
2550160
2551243
2552146
2553204
2553750
2554422
2555319
2556701
2558088
2558920
2559635
2560015
2560549
2561139
2561991
2562394
2563354
2564906
2566129
2567533
2568359
2569773
2570072
2570472
2571527
2572327
2573025
2573479
2573827
2576399
2577638
2579661
2580799
2581500
2583547
2585453
2588730
2588888
2589625
2590756
2590984
2591792
2593881
2594759
2595640
2596887
2597782
2598500
2598970
2599840
2601858
2602816
2604272
2604934
2606519
2608176
2608731
2609486
2609892
2611934
2612804
2613903
2615579
2615959
2616798
2618182
2618894
2620256
2620894
2623132
2624678
2626960
2627503
2628332
2628887
2630557
2632092
2633624
2633836
2635378
2636674
2637305
2638597
2639826
2640866
2642305
2642886
2645347
2650309
2651361
2652180
2652955
2654380
2654758
2655105
2656957
2657489
2657908
2658311
2659553
2660153
2661345
2662267
2663266
2664737
2665868
2666918
2668415
2668930
2669250
2670059
2671271
2671790
2672710
2673783
2674847
2676383
2677389
2680767
2682078
2683529
2685047
2685430
2686825
2687528
2689120
2689362
2693565
2695379
2695879
2696572
2697629
2697945
2698219
2698618
2699020
2699751
2700491
2701408
2702085
2703331
2705146
2705823
2706776
2707426
2708034
2710064
2710786
2712252
2713342
2714032
2714471
2715465
2716550
2717176
2717943
2720635
2722104
2722473
2723768
2724210
2727206
2727466
2729179
2732195
2732317
2733056
2734033
2734905
2735517
2735668
2736927
2738091
2739172
2739747
2740415
2741631
2742129
2742552
2743361
2743940
2744207
2745817
2746775
2748082
2748730
2749731
2751478
2751968
2752320
2752786
2753400
2753977
2755422
2756622
2756878
2758416
2759195
2761562
2763175
2763798
2765013
2765377
2766595
2767508
2768426
2768703
2769146
2769637
2773043
2774399
2774890
2775099
2775454
2775804
2776007
2780748
2783859
2787984
2789272
2790743
2792037
2793675
2794358
2794808
2795050
2795532
2796066
2796517
2797635
2798016
2798497
2798990
2799397
2801514
2802483
2804039
2805096
2806146
2808376
2808701
2809322
2810621
2812176
2812755
2812901
2814461
2814962
2815525
2815882
2816157
2816296
2816571
2816667
2817168
2820033
2820661
2821791
2822368
2823598
2824417
2825373
2825755
2826538
2827002
2827842
2828800
2830311
2831937
2833067
2835447
2836127
2837289
2839003
2840436
2841065
2841468
2842232
2842774
2844493
2845434
2847263
2847871
2848457
2849019
2849895
2850158
2851279
2852286
2854438
2854828
2857676
2858438
2859256
2860360
2861523
2862253
2863034
2864487
2865573
2866775
2867541
2868296
2869326
2869802
2870512
2870842
2871359
2872014
2873441
2874351
2875640
2876875
2877794
2878409
2879070
2880164
2880659
2882160
2885241
2885431
2886334
2888121
2889920
2890601
2891950
2892201
2892793
2893801
2894577
2895892
2897440
2898295
2899891
2901396
2903440
2903719
2904605
2905963
2907688
2908707
2909113
2909361
2911673
2913022
2915835
2917407
2918768
2920122
2921006
2921806
2922135
2922546
2923302
2924218
2925694
2927540
2928965
2929832
2931038
2931710
2933573
2935381
2936908
2937332
2938121
2939265
2939653
2940589
2940923
2941167
2942564
2943007
2943864
2945200
2945485
2945595
2945705
2947032
2948595
2950483
2954025
2956906
2960450
2960786
2961178
2961738
2962199
2963177
2964059
2966456
2966999
2968373
2969155
2969511
2970659
2971884
2974036
2974211
2974407
2975652
2976921
2977978
2978657
2980204
2981280
2982146
2983614
2985098
2986190
2987333
2987808
2987921
2988382
2989781
2991492
2991878
2995299
2995622
2997079
2997913
3000625
3001514
3001990
3003808
3005474
3006728
3007997
3009435
3010415
3012261
3013079
3013760
3017180
3018511
3019341
3022208
3023773
3025107
3026510
3027034
3028953
3030837
3030964
3031635
3033196
3034304
3036128
3036844
3037765
3038398
3038845
3039092
3040315
3041170
3041645
3043123
3043923
3047063
3047571
3048689
3050339
3051540
3052862
3053466
3053963
3054187
3054811
3055010
3054971
3056432
3057347
3058668
3061016
3062004
3062800
3064302
3065195
3066102
3066830
3067829
3069266
3070644
3071713
3072711
3073217
3074204
3075478
3076881
3077352
3079657
3080693
3081819
3083933
3084073
3084424
3085882
3087700
3088274
3089076
3089887
3090850
3091522
3091938
3093102
3093824
3094408
3094695
3095296
3096425
3097587
3098750
3099645
3100155
3100874
3102087
3102390
3103534
3104992
3107177
3108282
3108463
3109148
3111499
3112374
3117134
3119301
3121827
3122253
3123481
3124544
3126043
3127058
3129216
3130430
3131234
3131979
3132845
3134393
3136544
3137615
3137986
3138340
3138821
3139308
3141011
3142186
3143162
3144283
3144759
3146959
3147493
3148568
3149265
3150006
3151445
3152244
3153240
3154540
3155472
3156598
3156906
3159168
3160691
3161503
3163995
3165740
3166268
3166566
3167253
3167698
3168509
3169855
3170233
3171133
3171478
3173418
3174028
3174855
3175302
3175932
3177618
3178437
3179603
3180429
3181345
3182488
3183152
3183987
3184574
3185437
3188652
3189718
3189961
3190859
3192547
3192887
3192847
3193262
3193222
3194775
3197663
3198987
3199849
3201151
3202153
3202611
3203333
3204278
3205396
3205998
3207509
3208565
3209018
3210874
3212910
3213495
3213695
3214513
3215424
3217098
3218895
3219269
3220471
3223747
3224193
3225689
3226893
3229261
3231705
3232166
3232477
3233897
3234485
3235254
3236319
3237567
3239210
3239766
3241336
3242763
3244544
3245450
3246457
3246844
3247359
3247702
3248109
3248398
3248976
3250032
3250691
3251289
3252236
3253042
3253229
3254673
3256032
3257671
3258132
3260440
3261682
3263039
3264050
3265087
3265620
3266415
3267624
3268614
3269792
3270773
3271579
3272929
3274875
3275359
3275823
3276687
3278216
3278712
3281152
3282025
3282668
3283510
3284291
3285047
3286032
3286807
3289352
3290454
3291357
3293458
3293811
3294421
3295006
3296160
3296868
3297514
3297937
3298290
3298780
3299298
3300502
3301389
3302477
3303839
3305882
3305955
3306946
3309190
3309420
3309706
3310799
3311200
3314036
3315548
3316028
3316311
3318002
3319635
3320180
3320527
3322092
3322933
3324957
3325686
3326105
3326737
3328418
3329776
3330757
3331141
3331473
3332703
3333209
3334516
3334825
3335278
3335913
3336483
3337270
3338087
3339274
3340274
3340861
3341433
3341959
3342691
3344172
3344482
3345091
3345991
3346260
3347106
3347831
3348481
3348719
3351047
3352072
3357207
3358638
3359962
3360808
3363210
3364740
3365664
3366976
3367500
3368372
3369058
3370596
3371598
3372511
3374258
3374798
3375442
3376229
3376673
3378019
3378611
3380132
3381289
3382290
3383195
3383823
3384151
3386210
3387148
3387359
3388471
3390050
3394280
3395817
3396400
3396897
3398000
3399109
3401354
3402480
3403928
3405288
3405639
3407080
3407973
3409267
3409589
3410559
3410822
3411487
3413043
3416159
3416633
3419337
3420450
3421216
3421564
3421677
3421809
3424805
3425055
3425174
3426784
3427812
3428045
3428860
3429437
3429984
3430486
3431582
3432221
3433183
3434518
3435916
3436456
3436671
3437152
3437531
3438021
3439051
3439697
3440120
3440493
3440756
3442119
3442561
3442744
3443251
3443619
3444162
3444567
3444906
3445460
3445789
3446171
3446590
3446781
3447191
3447905
3448255
3448548
3449386
3449706
3450308
3450948
3451292
3451949
3453420
3454415
3456351
3457842
3459035
3459482
3459999
3460373
3460953
3461929
3463107
3463565
3464242
3464747
3465013
3467875
3469351
3471536
3472103
3472574
3472987
3473354
3473740
3474462
3475441
3475880
3476519
3476814
3478629
3479183
3481224
3482246
3482458
3483381
3483840
3484774
3486915
3488202
3488851
3489485
3489642
3490319
3491771
3494576
3494899
3495831
3497223
3497637
3499269
3500312
3501192
3501974
3502805
3504042
3505358
3505723
3506612
3507835
3508998
3509444
3510366
3511660
3512411
3513081
3513935
3515328
3516508
3517086
3518725
3519041
3519471
3519994
3520773
3523445
3524171
3526626
3527359
3527771
3528674
3530461
3532462
3533890
3534606
3535310
3537728
3538412
3540750
3540986
3542067
3542866
3543587
3544221
3545897
3548092
3550495
3553812
3554871
3556101
3557888
3558628
3559475
3559846
3561541
3564604
3566056
3567351
3569342
3571525
3572901
3573687
3575084
3575615
3576749
3577668
3578828
3579039
3579649
3581064
3581781
3582203
3582582
3583066
3584846
3585406
3586136
3587203
3588050
3588934
3590348
3591460
3592229
3593503
3594426
3595583
3596390
3597681
3598806
3600109
3600770
3602266
3603012
3603271
3603633
3604400
3606672
3607019
3607905
3608535
3609756
3610937
3611579
3613264
3614208
3615038
3615802
3616605
3617012
3621450
3621805
3623537
3624826
3627561
3628625
3630613
3633916
3635433
3637164
3637743
3638568
3640354
3641155
3643205
3644250
3645674
3645856
3646904
3648247
3648685
3651221
3652550
3653236
3653925
3654315
3654763
3655590
3656916
3658412
3661550
3662641
3662991
3663833
3665603
3667211
3669264
3669917
3671336
3672398
3674131
3676373
3677210
3678371
3679963
3681470
3683641
3687196
3688284
3690630
3693259
3694208
3696052
3696240
3697916
3698110
3698224
3699857
3700891
3701871
3702784
3703813
3705728
3706715
3708498
3710030
3710957
3711678
3712115
3714417
3715229
3716307
3717067
3717791
3718284
3718623
3719224
3720072
3720128
3722420
3723341
3723735
3724905
3725384
3725771
3727394
3728788
3730146
3731765
3732924
3734180
3735200
3737550
3738981
3739605
3740555
3741754
3742233
3742824
3744104
3745103
3746603
3747262
3748115
3748804
3749891
3750989
3752122
3752451
3754534
3755850
3757884
3759272
3759978
3764339
3765202
3766661
3769402
3769767
3772217
3773595
3774182
3774403
3775050
3777077
3777853
3779040
3779711
3780585
3781684
3782151
3782465
3783038
3784827
3786120
3787083
3788104
3789368
3790574
3791706
3792942
3793998
3794961
3796230
3797335
3798219
3798988
3800022
3801081
3802160
3803139
3803973
3805090
3806121
3807840
3808327
3809175
3809440
3809697
3810582
3811974
3812410
3813113
3813791
3814572
3815562
3816607
3817514
3819193
3820074
3820404
3822531
3823227
3825314
3826688
3828359
3830189
3832560
3833952
3834339
3836160
3837194
3838016
3838531
3839762
3840425
3841812
3843753
3845190
3846647
3848159
3848749
3849115
3850807
3851011
3851280
3851665
3853129
3853634
3853993
3854330
3854887
3856427
3858139
3859199
3862638
3864296
3864920
3865445
3866083
3867332
3868464
3869753
3871021
3871635
3872497
3873183
3874117
3874975
3875488
3878142
3879244
3880344
3881752
3882499
3882875
3883096
3884745
3886215
3886532
3888168
3889506
3890813
3891747
3892653
3893241
3894632
3895462
3895996
3896632
3897416
3898600
3900243
3901724
3903620
3904590
3905601
3906389
3907462
3908421
3909548
3911691
3913223
3913995
3915398
3916288
3917880
3918426
3918911
3919212
3920074
3920463
3921703
3923656
3924478
3925026
3926170
3927626
3929116
3931207
3931793
3933306
3934276
3935191
3936246
3937242
3938635
3939350
3941372
3941533
3944630
3944842
3944971
3945055
3945990
3946447
3947992
3948443
3948580
3950487
3951436
3953351
3954898
3955843
3957468
3957836
3960721
3962252
3963653
3964113
3965699
3967042
3968100
3969286
3970545
3971612
3972512
3973164
3974299
3975551
3976627
3977976
3978719
3980295
3980474
3980608
3980715
3980834
3982216
3984030
3984626
3985905
3987089
3987851
3988789
3991722
3992082
3992748
3993609
3994313
3995206
3995922
3998168
3999079
4000399
4000822
4001216
4002201
4002720
4003754
4005716
4006400
4007082
4008215
4009023
4009998
4010839
4013337
4014192
4015215
4016783
4017633
4018252
4019889
4020237
4020756
4021535
4022359
4022844
4024504
4025251
4026795
4028994
4030515
4031129
4032619
4033176
4035095
4035240
4035358
4038446
4038659
4039456
4040022
4040361
4041424
4042067
4043652
4044625
4047775
4048030
4048788
4049303
4049879
4051441
4051780
4053301
4054362
4056057
4058253
4059180
4060168
4061535
4062318
4063789
4065217
4067299
4068424
4069779
4070674
4071594
4072658
4073477
4074175
4075041
4075475
4076461
4077532
4077992
4079251
4079883
4080782
4083845
4084872
4086080
4087878
4088948
4090389
4090846
4091461
4092295
4094005
4095471
4096595
4097517
4098548
4099453
4100696
4101519
4102998
4103693
4104343
4105394
4106537
4107846
4108708
4109530
4110237
4110778
4111289
4111744
4112495
4113602
4115245
4116113
4116783
4117353
4118372
4119770
4120310
4121362
4122479
4124833
4125248
4125917
4126418
4127855
4130290
4131529
4134038
4135036
4135680
4137058
4137731
4140244
4141632
4141967
4144315
4145159
4145502
4146340
4148288
4151121
4152870
4154028
4154812
4156246
4156417
4157430
4158813
4159794
4160153
4161293
4163506
4164308
4166223
4166470
4169567
4169779
4171108
4172070
4173049
4173486
4173579
4173770
4173852
4175151
4175764
4176311
4176898
4177606
4178516
4178948
4183296
4187596
4188348
4188510
4189891
4190658
4190860
4191599
4192227
4194122
4194831
4195699
4196803
4197484
4198117
4198576
4199284
4199711
4201346
4202668
4203954
4205555
4207711
4207872
4210969
4211182
4211640
4212146
4213232
4215102
4216436
4218355
4220510
4221651
4225534
4227385
4228165
4229249
4229654
4231256
4233430
4234171
4234923
4235657
4237753
4238078
4238758
4240277
4241539
4243098
4244442
4245922
4247334
4248497
4251026
4251911
4254489
4255028
4255746
4257144
4257469
4258026
4258598
4259329
4260729
4261105
4262254
4263752
4264884
4266330
4267035
4268150
4268677
4269037
4271894
4272684
4273064
4275080
4275406
4275956
4276089
4277851
4279652
4281098
4282925
4283236
4285394
4287223
4287834
4288502
4289455
4291193
4291569
4292162
4293817
4295148
4297389
4299053
4301101
4302132
4302426
4304620
4305822
4306501
4307492
4309003
4310065
4311014
4311822
4312220
4313125
4313561
4314105
4315241
4315918
4316787
4317629
4318686
4319270
4319719
4320445
4322375
4323188
4323764
4324757
4327386
4328261
4330027
4331295
4331973
4333613
4335054
4335952
4338544
4339651
4341289
4342813
4343581
4345349
4346767
4348057
4349685
4350096
4350380
4350903
4351104
4352740
4354434
4356640
4358054
4359957
4360649
4361331
4363065
4363379
4364796
4366350
4367163
4368435
4369004
4370694
4371185
4372257
4373680
4374288
4374465
4374722
4375215
4375745
4376967
4377389
4377795
4378540
4380341
4381643
4383364
4383730
4384041
4387393
4388383
4389532
4390172
4390458
4390570
4390681
4390968
4392090
4393636
4394069
4395425
4397282
4398225
4398619
4399975
4401320
4402327
4402606
4404008
4404638
4407118
4408029
4408557
4409274
4409984
4410400
4411048
4412214
4413923
4414315
4414793
4415724
4416476
4417648
4419400
4419721
4420195
4420859
4421723
4422409
4422814
4423536
4423857
4424089
4424580
4425445
4426740
4427578
4429299
4430006
4431079
4432047
4432516
4434588
4435518
4436668
4437285
4437816
4439238
4440199
4442138
4445914
4446258
4446721
4447065
4447675
4448941
4450583
4451619
4452601
4453632
4455181
4455888
4457334
4458387
4460683
4462732
4464203
4465269
4465507
4468344
4468936
4469470
4470418
4470556
4471232
4472076
4472740
4473337
4475274
4476334
4476912
4477560
4478949
4481860
4482303
4483974
4485341
4486423
4488086
4489162
4490548
4491374
4492429
4493209
4494232
4494512
4496660
4497523
4499612
4501454
4503298
4504428
4504596
4506640
4509480
4510437
4511432
4512331
4514700
4515740
4516258
4516825
4518347
4520043
4522117
4523033
4523826
4524911
4525560
4526003
4526089
4526940
4528266
4528556
4529674
4531206
4531807
4532076
4535617
4536788
4537524
4539582
4540656
4541686
4542290
4543052
4545755
4546295
4546811
4547733
4549319
4550843
4552384
4553372
4554343
4555408
4556312
4557549
4558023
4558703
4559507
4560698
4561626
4562712
4563873
4565269
4566542
4569597
4569938
4575981
4577360
4577863
4577934
4579485
4581071
4584784
4585886
4586888
4587102
4589302
4591335
4592745
4593874
4595035
4597464
4598212
4598998
4599540
4600120
4600881
4602225
4602860
4603686
4604063
4604188
4604309
4604424
4605723
4606239
4606654
4607346
4609026
4610024
4610312
4611507
4612283
4613566
4615088
4616125
4617574
4618849
4619625
4621123
4622140
4622812
4623886
4625317
4626570
4628545
4630693
4631109
4631768
4632467
4633333
4634017
4634719
4636143
4637553
4638329
4638565
4639651
