190
5234
5683
6529
8238
9306
9928
10643
12163
15445
16751
16952
17489
19811
20815
21181
25826
27293
28374
29651
34300
34781
36271
39244
42403
47246
49823
50380
57364
59687
63429
65855
66835
70387
71351
72229
75644
77367
78848
83622
84368
85630
88028
89634
106557
107705
111044
111649
113444
114522
117752
118733
120178
122092
123017
127912
129407
131615
134388
134788
136570
137083
138835
141431
142008
142779
144577
145081
146314
146968
147944
149715
156299
157253
160782
162105
164730
167484
173602
175107
176610
177001
179237
180884
182463
183709
184257
185123
188712
189712
190857
191855
192872
194903
200482
209679
213678
214291
216179
217057
218887
220113
222833
223771
225759
229167
229967
231122
232597
234816
235535
236067
236931
237335
238257
239419
240343
240859
243543
244327
245065
245961
246712
247637
250898
254259
255977
256527
258269
259612
262552
264528
264844
266408
267321
268513
269827
271804
273325
274549
276980
278402
280053
281481
284619
287628
288525
289873
291546
292444
294363
294920
296430
296994
302215
303077
303719
309970
311336
311598
312365
314515
316950
317900
319451
320832
323920
324801
328687
331595
332725
333749
334504
339389
342108
343400
344628
344890
345708
346081
347906
349236
354146
357015
358023
360473
365652
367835
374683
375996
376759
379293
380575
381963
383283
384456
387977
390963
393730
394354
395863
398249
398817
399053
400610
400971
402505
402927
404059
404988
405629
406652
408332
409368
410521
411831
416366
418815
421739
423561
424235
429829
430353
431536
432226
434858
436385
437539
440773
442275
443907
444526
446039
451294
453696
454357
455901
458112
460675
461139
463161
463626
464076
466636
467607
471822
473525
474603
475206
475672
476291
478005
478591
479314
480478
484985
485760
489334
490106
490636
494344
496399
497279
498238
499349
500786
502700
504138
505827
506428
506510
507442
508099
510865
513217
513625
515143
516649
518957
522485
526805
529356
531675
533140
535810
536857
542485
545904
548850
550750
552441
553834
555255
555884
557435
558197
563071
563946
564038
566065
567538
568125
570116
571591
573179
573960
576621
577330
577823
578407
579103
579474
580057
582904
583903
585280
585370
586314
592551
594823
596354
602639
603994
604741
606957
607059
607288
608682
609477
612038
617477
618607
621523
622777
624108
629117
631405
631612
632809
633970
635939
637050
638168
638976
640662
641311
642780
643420
644340
645854
651458
653806
655780
656515
656778
658170
658474
659648
660860
661602
661975
663325
668519
674241
674793
675934
678075
678731
680946
682700
683753
686062
687220
688566
691097
692754
694324
695653
696736
698797
703167
705316
707557
709423
710158
710828
711261
712210
714635
716169
719806
720279
728357
728806
734873
737315
738224
740298
742050
745946
747144
751452
752408
754400
757929
762237
764376
765207
770681
773975
775565
776963
779777
781308
783105
784160
784856
786066
787020
791539
793996
794312
796836
797809
798845
799982
801110
802726
805221
806656
807191
808567
812749
814962
816267
819107
820016
820765
823853
824225
830095
831691
832293
835574
836888
837413
841019
841555
842478
844964
846481
847631
848433
849673
850237
851894
852175
852406
854047
855186
857019
858436
859397
862865
863603
865791
872202
875933
877471
877965
879077
879950
881199
882896
884169
884539
886646
887199
889312
889719
890136
892180
893007
899067
900089
903175
903816
904963
910405
913181
914575
915696
917351
918458
921589
922136
925107
925448
925951
930308
931818
932447
936595
940182
944154
945094
946452
947883
948891
949563
950495
954095
955985
956876
959487
960424
963051
963543
970975
971845
972760
980270
982298
983742
985117
986808
988377
989845
992500
997091
997713
1003991
1005175
1005714
1007067
1011224
1014938
1015175
1017708
1018236
1019633
1020361
1020953
1023694
1025780
1026334
1027169
1027627
1029287
1029562
1029982
1030848
1031362
1036963
1039840
1041253
1049056
1050186
1050684
1051070
1051512
1052657
1055484
1056485
1057307
1061773
1063259
1064808
1066087
1067304
1067734
1073465
1074143
1078528
1081466
1084215
1085329
1092099
1093498
1095066
1096788
1097109
1099519
1100074
1103174
1104184
1104637
1105043
1107007
1108558
1112802
1113030
1113487
1114885
1116030
1117124
1118530
1119924
1120465
1120784
1121936
1122630
1124785
1127062
1128637
1129427
1130241
1133952
1140405
1143725
1144163
1145234
1145812
1146844
1150838
1151162
1152523
1157092
1158585
1161108
1165308
1166822
1167423
1168296
1168635
1169741
1173315
1174650
1179702
1181006
1185067
1186342
1187539
1189839
1194346
1196090
1197918
1198902
1200720
1200999
1201482
1202247
1202491
1204772
1206136
1207740
1208908
1209569
1210903
1211926
1212551
1213487
1215012
1215291
1215971
1216551
1218206
1221528
1222487
1223502
1225823
1226294
1226937
1227302
1228038
1228706
1229990
1231723
1232399
1234161
1234932
1236794
1239558
1241389
1242403
1243016
1243951
1244383
1244902
1246919
1250289
1252308
1255944
1257152
1258014
1258347
1260151
1261249
1262937
1268391
1268546
1268926
1269081
1269461
1269616
1269972
1271342
1271730
1272469
1273007
1274402
1277180
1279087
1286289
1286761
1287005
1287897
1288468
1289465
1290680
1291732
1292750
1294669
1297821
1299206
1300923
1304845
1306812
1307040
1308593
1309113
1309872
1310375
1312044
1312742
1313880
1314440
1321244
1324876
1325791
1327356
1328441
1329072
1331879
1333184
1333855
1336594
1337354
1338267
1339945
1341134
1341621
1342460
1342781
1344820
1345002
1347004
1348275
1349431
1355447
1355826
1357514
1359144
1360767
1364959
1366103
1367713
1368240
1379971
1380987
1382141
1384744
1386329
1386954
1387894
1388957
1390015
1391251
1392915
1394100
1395389
1395696
1396798
1397745
1402765
1403676
1404003
1404587
1406074
1407153
1407535
1409037
1411555
1412008
1415512
1416695
1417180
1417789
1418389
1421424
1421806
1423401
1425770
1427073
1431108
1432015
1433209
1433784
1435145
1435284
1439082
1439345
1439878
1441075
1444402
1445543
1447100
1449621
1451951
1461563
1463189
1465945
1467382
1472245
1473168
1475645
1480279
1481085
1485259
1486256
1488926
1489467
1489701
1489946
1490143
1490494
1492172
1493312
1494880
1496675
1496962
1497493
1498597
1500481
1501741
1502929
1504196
1504805
1506858
1507310
1508027
1509678
1515123
1515413
1515672
1515906
1517051
1518286
1518987
1521331
1522505
1524271
1524964
1527946
1529840
1531076
1531306
1532048
1532989
1533961
1542408
1544312
1545425
1550422
1550852
1551996
1553850
1554089
1554649
1555136
1561358
1565528
1566978
1568669
1570431
1577657
1578866
1580950
1581786
1582231
1584844
1585817
1588878
1596641
1598312
1599514
1606132
1607253
1608931
1609990
1612828
1613787
1615052
1616267
1617144
1618262
1619356
1620670
1620841
1620984
1622129
1622797
1623359
1625541
1626376
1627239
1627477
1631063
1631646
1632334
1634780
1635633
1635978
1636479
1637054
1639363
1639879
1640513
1642675
1643143
1643370
1643921
1644429
1645644
1645958
1646532
1647406
1647633
1650920
1653371
1653832
1654771
1655589
1656093
1663339
1664548
1665368
1666723
1667723
1669400
1670844
1671937
1672996
1676451
1677581
1679719
1680183
1682283
1683209
1684755
1686600
1687876
1689610
1694486
1695297
1696176
1697379
1700257
1701292
1702575
1702973
1703274
1703791
1710793
1712401
1713050
1713972
1715375
1716090
1716517
1717900
1718414
1719049
1722158
1724047
1726371
1727111
1731778
1732459
1733402
1734145
1735480
1735868
1736890
1737935
1739437
1740625
1741481
1742895
1744459
1745155
1746771
1752956
1753722
1755445
1755745
1756898
1762737
1762958
1763246
1767098
1768396
1768639
1769095
1770536
1773611
1776414
1777641
1782758
1785469
1786459
1787637
1787832
1790291
1793277
1797250
1797826
1798120
1803189
1803349
1804394
1805424
1805820
1806721
1807404
1808235
1808958
1810353
1811445
1811891
1814410
1816629
1819323
1819942
1820482
1821539
1822386
1823164
1823979
1830452
1831425
1837491
1838807
1839514
1839887
1840395
1841855
1843023
1846149
1846861
1848884
1850645
1852120
1853015
1859726
1860795
1861874
1862806
1863750
1864932
1868409
1870065
1872102
1872376
1872779
1873697
1875302
1875739
1877031
1877427
1878145
1878910
1879936
1881212
1884888
1886085
1887975
1891391
1892157
1892576
1892829
1894956
1896451
1898053
1900072
1903712
1904275
1905250
1905472
1906285
1906647
1906949
1907332
1908300
1909719
1910792
1913655
1914282
1918247
1919804
1920145
1920337
1921090
1921188
1921389
1923132
1923464
1924803
1927072
1928058
1928905
1930139
1932863
1934676
1935673
1937246
1938337
1940686
1942370
1944139
1944275
1944879
1946774
1948856
1950726
1952602
1956544
1958086
1959996
1960604
1964417
1970860
1975290
1976542
1977777
1978212
1980578
1984949
1985531
1985897
1986246
1986740
1987275
1987705
1988978
1989839
1990293
1993842
1994134
1995086
1997609
1998497
2000134
2001896
2004180
2005701
2006301
2007845
2008624
2010724
2011253
2017642
2021992
2022659
2023010
2023251
2023535
2024347
2026212
2026473
2027563
2028472
2031673
2033859
2034818
2036980
2037502
2039399
2040392
2041492
2041675
2042962
2051667
2053085
2054882
2056051
2057875
2057988
2059040
2060284
2060415
2061412
2064329
2066976
2069339
2072803
2075593
2077056
2077557
2078813
2079405
2080780
2082250
2083728
2085353
2087235
2088020
2088216
2095345
2096471
2097886
2099919
2101415
2111458
2112526
2116704
2127685
2131514
2135926
2137783
2140331
2141290
2144716
2145698
2147063
2149209
2149735
2151333
2151373
2151668
2151705
2152040
2163213
2163692
2165326
2166013
2166736
2168260
2169857
2170945
2175534
2176843
2180057
2183546
2183939
2184982
2185402
2190537
2191081
2192322
2198301
2202618
2209247
2209748
2212888
2213679
2213767
2217714
2220207
2221960
2223066
2223823
2224531
2227004
2227460
2228646
2229866
2230900
2232055
2234765
2238650
2239832
2241932
2242800
2245085
2246759
2247739
2250917
2252267
2253377
2254107
2255451
2257741
2261885
2263063
2263472
2264267
2265851
2268001
2268748
2275915
2276592
2278654
2280539
2280962
2282151
2287087
2288522
2289380
2301628
2301927
2303130
2304994
2308501
2309668
2311106
2311510
2315049
2318065
2321469
2325389
2332358
2334815
2337589
2338439
2342887
2345406
2346844
2347957
2350669
2354926
2356064
2358231
2360453
2361755
2362576
2363040
2363950
2371294
2371670
2377370
2378744
2379630
2380735
2382017
2383882
2384956
2385732
2386657
2387135
2388070
2391227
2401973
2403725
2405583
2406884
2407542
2409461
2410699
2411492
2415103
2416656
2417863
2418643
2420671
2421758
2425031
2426079
2429044
2432104
2435972
2436964
2438407
2439786
2441913
2446628
2447250
2453105
2454349
2455037
2458672
2459328
2461034
2462274
2463323
2464567
2465877
2469099
2470409
2471626
2472054
2473006
2474332
2474716
2475869
2478660
2481777
2486045
2487264
2488278
2491789
2492720
2493072
2493667
2494943
2495079
2496693
2500012
2506483
2507652
2509023
2509490
2511064
2512353
2513665
2516063
2516489
2517279
2518953
2519615
2520751
2523149
2523952
2524968
2525963
2528269
2529485
2530431
2531786
2534408
2535364
2535771
2536694
2537739
2541854
2542774
2543795
2547668
2548663
2549299
2550374
2552152
2556880
2558279
2559390
2560133
2561614
2562545
2563503
2566346
2570179
2574120
2576688
2579756
2580925
2583753
2585617
2588829
2589269
2591094
2594927
2595853
2597928
2599223
2612842
2614116
2616097
2616893
2618268
2619219
2621066
2624717
2627312
2627814
2628980
2632254
2633621
2633906
2635496
2638708
2641151
2642455
2643035
2650516
2651877
2652179
2653097
2654558
2659665
2660605
2661464
2662412
2663457
2664729
2666028
2667054
2671368
2671838
2677486
2680885
2682276
2683857
2685092
2687693
2689678
2693823
2695376
2695937
2696781
2698139
2698542
2698640
2702357
2705344
2708442
2710049
2710918
2712461
2713445
2714088
2714776
2715513
2716757
2717245
2720749
2722470
2724091
2727391
2727638
2729622
2734168
2735176
2736970
2739382
2739897
2742205
2744456
2745984
2748137
2748853
2749817
2751627
2752030
2752918
2753615
2754181
2755666
2756666
2757007
2758569
2759373
2763535
2763940
2765732
2766687
2767725
2769170
2771340
2773941
2775994
2776168
2783784
2787007
2792275
2794359
2795233
2796113
2797186
2797672
2798156
2798745
2802837
2807639
2808792
2809449
2812240
2812824
2812905
2815806
2816081
2816495
2816983
2817403
2820161
2820730
2822513
2823854
2826643
2828797
2830498
2833195
2835600
2836276
2837546
2840595
2847996
2848669
2854475
2855115
2857782
2858489
2859452
2861615
2863123
2864581
2866915
2871036
2874603
2876591
2882575
2885376
2885600
2890236
2890679
2892941
2895986
2897510
2898614
2902769
2903579
2903733
2904665
2907916
2909439
2913079
2916067
2920557
2922757
2923370
2924330
2926251
2929887
2932257
2938165
2940718
2940940
2941359
2943058
2944103
2945409
2945779
2947264
2948657
2957082
2962383
2964210
2967684
2968442
2969293
2969619
2970691
2974621
2975659
2977043
2977965
2978786
2980519
2982433
2983869
2985558
2986524
2987841
2987957
2989290
2990116
2991660
2994394
2997006
2998367
3002030
3004284
3010636
3013182
3014082
3022373
3026546
3029389
3031087
3031679
3037877
3038438
3039335
3040511
3041334
3041684
3043180
3044190
3049137
3053634
3054871
3054912
3055200
3056688
3057775
3058872
3064299
3065362
3066195
3066969
3068187
3069481
3071998
3077666
3079935
3080899
3081957
3084209
3084728
3086306
3088369
3089156
3090959
3092122
3093120
3096580
3097704
3098926
3099829
3101035
3102455
3103736
3105042
3107575
3108612
3111089
3111565
3112572
3117619
3119656
3126294
3128200
3129363
3130476
3132153
3132894
3134685
3136749
3137738
3144472
3145919
3146999
3147684
3148840
3150258
3151585
3152284
3153377
3154645
3155672
3156949
3159279
3160766
3161737
3164133
3165873
3166771
3167850
3169901
3170552
3171526
3176137
3177766
3179641
3180572
3181835
3182862
3183436
3184209
3187903
3189761
3190230
3192745
3192788
3193121
3193163
3199229
3201332
3202243
3202716
3203346
3204485
3206046
3207552
3208803
3209129
3211069
3212989
3213620
3213749
3214801
3215578
3217516
3218937
3219488
3220655
3225823
3229687
3231750
3232761
3233982
3237966
3239215
3239849
3243126
3244674
3245795
3246991
3248584
3249046
3250326
3250933
3251340
3252341
3253363
3256307
3264149
3265402
3265876
3266437
3268238
3269889
3273304
3275024
3275878
3276936
3279998
3282192
3285448
3286112
3290497
3291422
3295120
3296233
3296996
3297494
3297988
3298277
3299507
3302595
3303993
3306062
3307055
3309247
3309437
3309855
3311364
3316235
3316659
3318010
3320094
3320755
3323023
3325057
3325812
3326261
3326985
3328604
3330884
3331732
3332931
3333257
3334985
3338297
3344600
3346474
3347103
3348599
3348711
3352747
3359198
3360134
3363724
3364948
3365849
3367036
3370705
3371720
3372891
3374301
3375837
3376892
3378213
3378765
3381352
3382725
3383560
3383879
3384243
3387542
3388605
3390480
3394348
3399414
3401506
3403458
3405397
3408302
3409675
3410643
3410825
3411886
3416412
3418156
3421445
3424980
3427258
3427788
3431712
3436046
3436453
3436727
3437638
3440640
3446336
3451530
3453600
3464271
3464819
3465182
3468167
3472700
3474629
3475662
3475929
3476614
3479311
3482512
3483436
3484142
3486982
3488288
3489747
3490590
3492033
3495025
3497470
3497932
3502074
3502957
3509082
3510656
3514042
3515420
3517487
3520893
3523611
3524491
3528737
3530840
3532538
3534834
3535407
3538185
3541189
3542096
3542904
3544581
3546008
3551107
3553855
3556290
3557870
3560036
3562157
3571798
3573094
3573744
3575754
3576973
3577791
3579161
3579886
3581506
3582427
3582782
3583104
3584966
3585393
3590747
3596007
3596578
3597952
3599051
3602416
3603274
3603774
3604474
3606774
3607240
3608539
3609888
3611690
3617215
3622401
3623702
3628991
3632864
3634231
3635665
3637408
3638134
3638885
3640403
3643408
3645728
3646551
3650205
3651984
3652706
3653278
3653989
3654431
3655018
3656389
3657255
3661913
3662887
3663009
3664203
3665814
3667615
3669315
3670437
3671385
3672809
3674313
3676443
3677442
3678467
3680184
3681653
3683723
3694020
3694481
3698003
3698159
3698586
3699887
3704121
3706639
3708822
3710259
3711115
3712084
3714570
3715333
3716357
3717501
3718072
3718471
3718703
3720351
3723436
3723910
3724947
3725430
3725940
3727466
3729154
3733002
3734376
3735520
3737728
3739132
3739707
3740756
3742351
3749151
3750015
3750986
3752996
3754699
3756040
3759370
3760206
3766200
3768266
3770304
3772447
3774194
3774688
3775422
3779238
3779764
3782607
3783283
3787070
3788343
3790849
3792010
3796262
3797368
3800062
3806563
3808366
3809273
3809914
3810754
3812517
3813150
3813886
3814699
3815783
3816897
3817511
3819451
3820129
3825483
3826968
3828480
3830242
3834245
3834976
3836271
3837198
3838238
3838572
3839973
3841987
3843799
3845328
3848825
3851576
3851945
3853137
3854438
3854934
3858306
3861922
3862635
3864492
3865032
3865751
3866085
3867400
3868461
3869873
3873461
3874163
3875090
3875728
3882359
3884851
3886458
3886753
3888259
3889638
3891904
3893295
3894797
3896694
3900312
3903754
3904876
3906572
3909862
3911853
3913576
3918973
3921080
3924035
3924568
3925178
3926175
3929339
3931374
3935317
3937208
3939831
3941727
3945151
3946109
3946472
3948345
3950224
3954950
3955993
3957555
3958700
3960768
3962388
3963784
3964440
3965939
3978910
3982375
3984455
3984709
3989176
3991762
3992545
3996006
3998315
3999449
4000442
4000836
4001311
4002885
4003887
4006462
4007193
4009886
4011076
4013377
4014454
4015356
4016878
4019968
4022356
4023011
4025632
4029184
4033554
4035542
4038929
4040092
4042222
4043693
4044989
4048156
4049059
4050068
4051670
4051892
4054648
4056430
4058470
4060270
4061626
4062386
4067498
4068538
4071762
4072692
4073576
4077320
4077774
4078322
4084039
4085025
4086130
4091147
4092746
4095759
4096669
4097514
4098833
4099713
4100845
4101625
4103843
4104492
4105575
4106857
4107953
4108763
4109638
4110338
4110990
4111749
4112592
4113737
4116538
4116868
4117446
4118439
4120403
4121454
4122635
4125036
4125309
4126101
4126695
4130639
4131858
4134131
4135063
4135955
4140553
4145489
4146555
4148470
4151719
4153024
4156308
4156513
4157413
4159147
4160193
4161662
4164682
4166395
4166664
4170080
4172099
4173411
4175381
4176470
4178019
4178583
4179268
4187809
4188350
4188758
4194355
4194926
4198304
4199286
4199949
4202665
4206170
4208066
4211703
4212303
4213501
4216619
4218324
4220827
4221851
4225754
4227476
4228377
4229382
4229907
4231781
4233929
4237800
4238348
4238802
4240649
4243252
4244807
4247577
4250529
4252066
4254660
4255138
4257260
4257511
4258344
4258622
4259737
4260863
4261271
4262337
4265137
4266832
4267437
4268261
4269072
4272148
4272783
4273494
4275083
4275492
4275950
4276502
4278003
4279806
4281276
4283436
4285787
4292504
4294459
4295242
4297587
4302151
4302635
4304893
4309130
4311373
4311891
4312367
4321359
4323321
4324422
4325158
4328525
4330204
4333717
4335191
4336277
4338743
4339934
4341404
4342952
4343703
4345427
4347338
4349866
4350607
4351223
4352977
4354493
4356720
4358419
4360574
4363495
4364914
4366687
4367179
4368711
4370832
4371388
4372652
4373722
4374340
4374576
4374898
4375212
4380666
4381862
4384070
4388480
4389627
4390383
4390915
4390951
4392089
4398311
4398695
4402409
4402710
4404213
4407298
4408156
4409325
4412298
4414040
4414464
4414975
4415721
4416584
4418003
4422539
4423141
4424651
4426102
4426958
4427887
4429344
4430114
4431187
4432136
4432645
4434778
4435730
4436731
4437610
4437895
4439561
4440405
4446470
4447145
4447985
4449081
4452634
4453808
4455337
4455982
4457923
4458545
4461077
4464322
4465454
4465648
4468550
4469009
4470422
4470837
4471363
4472147
4472885
4473460
4475330
4476496
4477057
4477753
4479005
4482463
4484241
4486584
4492646
4493213
4494428
4496295
4499283
4500126
4502081
4504471
4505489
4508713
4514787
4516550
4517361
4518694
4520150
4524129
4526000
4526134
4530460
4531262
4534637
4538980
4540060
4541138
4543119
4547976
4549659
4552599
4553513
4555016
4555401
4558953
4559520
4560766
4561945
4563989
4568185
4569774
4574935
4577522
4577858
4578091
4581272
4584972
4585932
4589680
4591384
4592960
4594013
4595173
4597718
4599647
4601500
4602333
4602898
4603827
4604102
4604692
4605826
4607437
4609419
4612703
4615346
4616252
4619792
4621124
4622918
4626878
4628756
4630783
4631256
4631820
4632464
4633544
4637613
4638425
4638965
