eco00260 29 366 107 191 144 333 274 386 431 471 311 243 89 92 401 332 421 310 248 270 9 472 297 51 132
eco00270 94 430 366 14 191 184 168 24 254 315 431 243 435 266 206 284 202 332 256 407 421 472 385 297 321 10
eco00300 25 262 405 366 6 462 243 423 358 421 15 1 472 302 431 261
eco01100 434 6 352 265 423 5 191 399 185 214 212 333 24 80 450 406 307 134 208 455 317 260 207 291 237 435 428 35 92 379 295 362 1 445 385 322 10 211 107 128 267 217 452 268 172 12 314 64 93 190 398 74 246 169 383 84 319 182 306 23 117 459 167 187 426 424 328 326 278 220 25 390 378 342 175 18 19 174 264 110 274 8 33 3 86 302 242 257 290 283 130 4 16 273 68 425 210 281 225 109 48 332 407 350 249 422 262 195 168 254 272 239 203 180 40 285 408 243 97 147 316 112 114 196 50 256 381 226 31 389 9 113 457 159 59 412 439 47 305 63 136 300 458 303 269 315 79 384 76 311 41 266 367 240 13 375 157 69 164 293 469 227 270 419 233 94 357 366 343 437 324 177 52 133 470 312 232 376 388 471 154 89 135 206 346 124 380 38 402 202 344 178 364 347 156 125 421 73 296 244 176 464 224 462 271 394 361 105 34 189 358 123 397 255 116 32 429 22 341 129 36 72 431 386 360 444 49 21 391 318 365 26 101 81 181 122 460 329 213 145 251 20 152 418 310 447 98 297 410 472 51 313 415 132 387 430 14 165 184 443 427 144 221 409 170 11 448 17 456 15 308 449 37 338 261 67 403 468 253 405 433 339 276 78 95 42 166 234 401 413 215 39 440 7 321 259
eco01110 423 265 191 5 399 185 59 214 212 24 455 300 458 317 260 303 315 76 311 41 435 237 240 13 375 428 35 92 69 295 469 362 1 270 385 419 10 233 211 94 366 128 343 437 268 52 133 314 470 232 154 246 89 383 346 124 380 38 402 117 167 187 178 156 125 347 421 73 176 244 220 25 462 271 18 105 174 34 264 189 358 429 22 129 242 72 302 257 290 431 360 444 16 391 151 460 48 213 223 332 145 251 407 418 350 310 447 410 297 472 313 132 61 262 430 195 168 443 144 409 11 17 308 449 338 67 403 253 180 433 405 408 243 78 276 42 401 413 316 196 215 440 9 321 340 259
eco01120 423 159 57 333 212 127 439 305 455 260 207 291 303 269 311 76 435 240 92 157 69 295 293 362 442 1 270 385 419 357 94 366 107 343 437 177 133 52 103 314 87 230 312 232 100 376 471 154 246 89 383 346 306 124 117 187 167 347 421 73 220 25 378 143 462 171 174 34 189 33 358 129 302 72 431 360 49 281 318 26 225 101 181 48 460 145 152 251 407 418 447 297 51 472 313 415 320 262 430 443 144 409 254 17 15 30 37 67 261 405 180 153 243 78 147 413 196 256 50 440 9 259
eco00750 169 243 3 255 472 92 313 170 272
eco00030 220 366 378 399 212 470 314 455 260 376 431 441 360 311 180 78 124 69 460 196 418 440 472 419 313 10
eco04122 356 41 267 184 0 266 100 427 80 370 85 117
eco03018 446 0 81 12 402 450 264 406 295 300 337 111 449
eco00680 423 437 0 177 333 34 439 455 471 76 311 154 180 240 346 225 92 157 181 121 295 418 421 270 385 472 51 313 415
eco03010 349 352 327 452 394 19 155 420 15 429 388 338 355 345 411 275 179 400 277 425 92 229 112 426 350 1 424 410 353 340 28
eco00740 40 408 435 1 95 324 172 101 133
eco00290 64 332 240 1 458 5 391 9 380 402 401
eco00970 222 349 390 265 327 75 18 19 127 305 208 198 317 458 197 429 404 207 90 360 53 377 247 444 275 68 351 21 460 229 379 469 350 1 445 447 410 280 91 107 52 170 64 448 201 100 308 338 67 253 285 179 339 400 383 95 173 23 426 299 252 424
eco03060 408 352 339 277 394 369 426 63 39 1 7 385 45 272
eco00900 16 41 125 265 1 232 308 303 340 290
eco00240 457 224 352 265 128 195 394 217 412 470 47 264 110 64 17 456 134 15 458 300 337 388 283 90 453 290 240 97 92 234 306 48 426 20 389 295 31 407 469 226 1 113
eco00250 457 94 159 423 343 185 399 105 450 136 397 317 242 338 67 273 49 240 375 281 117 413 156 1 445
eco00670 430 128 351 195 52 264 167 421 3 300 310 429 270
eco00790 339 243 225 12 80 167 293 358 3 113 326 190 37
eco00230 390 352 265 271 394 412 361 174 47 450 305 264 307 208 3 458 429 22 337 207 291 242 283 290 453 240 26 48 69 20 295 469 51 10 262 14 195 168 324 52 470 64 17 456 30 253 405 234 306 124 402 117 426 316 196 50 226 389 7 113 296
eco00040 4 464 159 128 78 168 214 212 329 196 379 381 3 416 376 302 360
eco02010 66 390 349 342 399 231 59 432 19 24 158 139 368 397 116 242 90 283 370 130 377 4 13 369 225 35 81 157 223 418 442 58 200 322 10 82 14 88 228 85 155 230 371 77 93 441 179 95 135 380 202 459 196 256 461 440 44
eco00660 5 391 73 401
eco00620 224 430 107 143 423 437 171 5 231 177 174 33 17 260 232 100 129 303 384 154 243 89 240 99 346 318 84 92 147 196 332 20 347 362 9 297 422 259
eco00650 246 5 391 375 281 84 92 409 401 145 332 189 33 156 136 232 447 129 9 303 72 422
eco00770 41 5 391 425 306 11 402 401 39 7 388 387 370 272
eco00550 6 342 266 13 425 210 361 110 63 341 86 326 36 340
eco00471 6 49 159 424
eco00473 434 6 36 122
eco00540 342 21 109 19 52 196 17 125 93 7 326 387 386
eco03070 408 352 354 339 277 394 324 369 426 63 39 317 7 385
eco00760 76 273 240 185 95 428 182 166 470 48 64 8 469 424 290 278
eco00010 220 437 168 174 34 103 309 255 455 129 288 431 396 76 154 180 383 181 69 187 196 251 295 418 362 113 9 385 472 313 419 259
eco00020 167 362 78 443 73 346 447 9 72 133 61 117
eco00280 145 246 312 232 9 281 303 409 401
eco00630 430 107 128 327 333 133 439 189 312 232 303 72 360 154 78 346 318 157 147 196 50 297 9 51 249 415
eco00330 94 25 159 423 185 443 105 314 358 136 458 300 317 22 30 315 338 150 49 135 306 38 23 69 413 164 196 31 51 328 183 10
eco00410 246 375 144 281 306 409 11 145 136 156 22 10 150
eco00480 285 169 179 267 367 241 95 319 212 117 69 459 196 317 22 372 315 10
eco00910 159 343 168 185 399 127 230 358 317 32 30 67 153 49 395 182 306 122 413 438 310 445 51 321 10
eco00053 381 452 296 451 212 333 11
eco02060 220 462 342 191 168 452 314 11 250 456 255 300 257 384 288 287 396 74 68 182 463 334 227 113 422
eco00860 253 405 408 13 168 428 42 35 133 48 316 413 64 125 358 208 260 410 257 200
eco02020 219 342 271 394 231 57 19 127 397 429 303 53 323 391 102 70 205 362 442 248 447 148 56 472 249 61 357 236 343 14 199 443 417 103 230 15 232 376 37 261 203 154 285 95 62 202 467 117 167 413 39 296 328
eco00564 16 433 41 81 234 147 202 406 112 274 448 364 418 407 134 368 258 385 326 302 322 259 130
eco00061 112 17 347 243 134 98
eco03030 434 195 327 394 412 47 254 64 20 469 17 389 458 436 113
eco03430 41 265 195 394 210 254 47 406 289 64 301 20 469 389 17 458 308 436 113 449 360
eco03440 468 195 452 394 412 286 47 64 420 20 389 469 17 197 300 458 308 436 113 272
eco00640 246 243 437 240 281 84 92 409 145 332 17 136 31 347 312 232 73 303 422
eco00310 145 444 246 232 73 18 303 409
eco00071 154 246 21 383 34 409 145 232 129 303 190 302 269
eco00340 211 22
eco00500 203 25 128 78 168 375 214 365 212 380 38 69 223 364 251 39 456 123 255 376 200 431 137
eco00520 236 25 128 191 214 212 397 255 116 341 257 431 355 76 403 68 339 425 365 38 69 167 114 215 344 251 113
eco00052 220 76 180 462 128 443 214 463 69 393 334 251 39 418 32 328
eco00511 74 32 328
eco00600 405 32 443
eco00360 211 94 145 33 421 435 144 269 122
eco00362 145 246 33 152 232 129 303 409 259
eco00621 33 152 129 259
eco00622 33 129 259
eco00350 211 154 94 435 383 144 281 129 34
eco00625 154 383 129 34
eco00626 154 383 129 34
eco00430 156 367 240 375 35
eco00627 145 189 435 232 100 101 37 48
eco00400 76 94 211 435 276 92 38 178 350 132 244 360 176
eco00051 220 180 191 240 206 298 181 38 314 167 215 379 418 455 416 227 297 235 313 419 287 384
eco00730 316 114 41 267 427 175 221
eco00190 398 114 74 447 454 42 72 101 264 239
eco01040 112 246 49 45 409 131
eco00363 189 48
eco00561 112 468 433 123 443 51 326 333 419 322 422
eco00633 320 87 171 100 57
eco01053 237 58 59
eco00130 233 433 408 237 310 59 419 242 67
eco00785 63 471
eco00521 403 213 251 268 69
eco03410 273 169 378 327 217 412 254 389 226 317 308 183 388 71
eco00623 407 447 72
eco00380 145 246 421 232 73 303 395 181 409 360
eco00780 165 425 79
eco03420 406 389 435 412 115 79 254 202
eco00450 222 430 165 383 185 168 175 307 407 421 291 321 90
eco00401 211 94 435 276
eco00562 418 268 101
eco02040 110 203 204 198 199 111 205
eco00281 145 246 409
eco00903 145 189 246 409
eco00930 145 246 409
eco02030 377 204 199 399 148 328 225 432 205 467
eco00440 442 151
eco00920 430 256 293 421 168 385 291 321 254
eco00590 179 367
eco00460 223 367 317 185 399 270
eco00523 403 213
eco00592 406 246 409
eco00642 246 269 409
eco03020 426 389 352
eco00361 407
eco00364 407
