4639652	189
5021	5233
5531	5682
6460	6528
7960	8237
9192	9305
9894	9927
10495	10642
11787	12162
15299	15444
16558	16750
16904	16951
17007	17488
19621	19810
20509	20814
21079	21180
25702	25825
27228	27292
28208	28373
29196	29650
34039	34299
34696	34780
36163	36270
39116	39243
41932	42402
47139	47245
49632	49822
50303	50379
57110	57363
58180	59686
63265	63428
65781	65854
66551	66834
70049	70386
71266	71350
72116	72228
75481	75643
77300	77366
78800	78847
83530	83621
83709	84367
85313	85629
87849	88027
89033	89633
106457	106556
107475	107704
110985	111043
111434	111648
113220	113443
114488	114521
117550	117751
118646	118732
120136	120177
121552	122091
122857	123016
127588	127911
129337	129406
131261	131614
134213	134387
134751	134787
136465	136569
136918	137082
138634	138834
141226	141430
141968	142007
142671	142778
144473	144576
145018	145080
146311	146313
146695	146967
147871	147943
149602	149714
156202	156298
156884	157252
160605	160781
162032	162104
164535	164729
167265	167483
173445	173601
174883	175106
176529	176609
176955	177000
179154	179236
180755	180883
182309	182462
183621	183708
184096	184256
185070	185122
188651	188711
189507	189711
190600	190856
191709	191854
192581	192871
194718	194902
200361	200481
209581	209678
213630	213677
214126	214290
215980	216178
217004	217056
218776	218886
219996	220112
222646	222832
223409	223770
225576	225758
229005	229166
229971	229966
230882	231121
232550	232596
234783	234815
235539	235534
236003	236066
236799	236930
237008	237334
238121	238256
238737	239418
240190	240342
240817	240858
243304	243542
244122	244326
245095	245064
245806	245960
246503	246711
247462	247636
248135	250897
253162	254258
255717	255976
256436	256526
258231	258268
259325	259611
262171	262551
264431	264527
264768	264843
265778	266407
267230	267320
268185	268512
269407	269826
270979	271803
271879	273324
274342	274548
276872	276979
278027	278401
279100	280052
281208	281480
284393	284618
287624	287627
288387	288524
289530	289872
290571	291545
292173	292443
294024	294362
294804	294919
296321	296429
296479	296993
301798	302214
302830	303076
303407	303718
309896	309969
310561	311335
311564	311597
312002	312364
312467	314514
315678	316949
317792	317899
319226	319450
320306	320831
323678	323919
324589	324800
328559	328686
330721	331594
332684	332724
333658	333748
334247	334503
338968	339388
341732	342107
343158	343399
344216	344627
344874	344889
345562	345707
345984	346080
347668	347905
348797	349235
353817	354145
356679	357014
357915	358022
360371	360472
365530	365651
367645	367834
374106	374682
375895	375995
376536	376758
379106	379292
380067	380574
381804	381962
383160	383282
383841	384455
387871	387976
388952	390962
392126	393729
394354	394353
395512	395862
398191	398248
398558	398816
399030	399052
400148	400609
400871	400970
402387	402504
402826	402926
404043	404058
404869	404987
405447	405628
406395	406651
407686	408331
409244	409367
410277	410520
411706	411830
416177	416365
418409	418814
421584	421738
423557	423560
424143	424234
429701	429828
430177	430352
431238	431535
432076	432225
434781	434857
436332	436384
437360	437538
440568	440772
442222	442274
443740	443906
444399	444525
445891	446038
450835	451293
453392	453695
454014	454356
455656	455900
457925	458111
460467	460674
460948	461138
463011	463160
463533	463625
464025	464075
466537	466635
467455	467606
471642	471821
473477	473524
474386	474602
475176	475205
475596	475671
476250	476290
477842	478004
478476	478590
479143	479313
479933	480477
484844	484984
485633	485759
489123	489333
490037	490105
490484	490635
494235	494343
496219	496398
497044	497278
498242	498237
499198	499348
500654	500785
502463	502699
503921	504137
505791	505826
506307	506427
506512	506509
507305	507441
507784	508098
510604	510864
513093	513216
513625	513624
514998	515142
516587	516648
518990	518956
522055	522484
526766	526804
527174	529355
531446	531674
533051	533139
535711	535809
536689	536856
542258	542484
545588	545903
547572	548849
550556	550749
552324	552440
553661	553833
555220	555254
555777	555883
556965	557434
557978	558196
563069	563070
563704	563945
564023	564037
565202	566064
567228	567537
567871	568124
569652	570115
571475	571590
573094	573178
573563	573959
574977	576620
577334	577329
577733	577822
578117	578406
578818	579102
579310	579473
579669	580056
580603	582903
583654	583902
584857	585279
585325	585369
586132	586313
592402	592550
594667	594822
596197	596353
602559	602638
603887	603993
604648	604740
606607	606956
607016	607058
607212	607287
608401	608681
609312	609476
611718	612037
617262	617476
618611	618606
621413	621522
622774	622776
623734	624107
628937	629116
631223	631404
631603	631611
632701	632808
633970	633969
635793	635938
636842	637049
637797	638167
638732	638975
640542	640661
641091	641310
642550	642779
643191	643419
644227	644339
645804	645853
651080	651457
653766	653805
655192	655779
656341	656514
656725	656777
657162	658169
658374	658473
659440	659647
660602	660859
661502	661601
661866	661974
663187	663324
668260	668518
674007	674240
674724	674792
675771	675933
678066	678074
678630	678730
680887	680945
682617	682699
683636	683752
685893	686061
686971	687219
688237	688565
691008	691096
692602	692753
694179	694323
695500	695652
696357	696735
698401	698796
702835	703166
705114	705315
706981	707556
709340	709422
709949	710157
710689	710827
711122	711260
712026	712209
714422	714634
715130	716168
719684	719805
720064	720278
728045	728356
728564	728805
733326	734872
735443	737314
738077	738223
740149	740297
741780	742049
745950	745945
746993	747143
751393	751451
752019	752407
753692	754399
757629	757928
761963	762236
764273	764375
765099	765206
769835	770680
773826	773974
775501	775564
776831	776962
779613	779776
780876	781307
783109	783104
784047	784159
784541	784855
785909	786065
786819	787019
791279	791538
793868	793995
794146	794311
796836	796835
797655	797808
798805	798844
799799	799981
801035	801109
802544	802725
804988	805220
806505	806655
807133	807190
808481	808566
812171	812748
814771	814961
815871	816266
818971	819106
819812	820015
820730	820764
823721	823852
824264	824224
829867	830094
831460	831690
832174	832292
835434	835573
836660	836887
837149	837412
840755	841018
841280	841554
842482	842477
844704	844963
846343	846480
847228	847630
848135	848432
849321	849672
850189	850236
851821	851893
852164	852174
852264	852405
853989	854046
854968	855185
856779	857018
858285	858435
859252	859396
862735	862864
863528	863602
865588	865790
872025	872201
875887	875932
877259	877470
877855	877964
879081	879076
879704	879949
881153	881198
882612	882895
884129	884168
884454	884538
886563	886645
887183	887198
889043	889311
889690	889718
889977	890135
892093	892179
892657	893006
898869	899066
899799	900088
902958	903174
903691	903815
904967	904962
910273	910404
913038	913180
914081	914574
915271	915695
917355	917350
918344	918457
921517	921588
921814	922135
924764	925106
925195	925447
925667	925950
930186	930307
931274	931817
932313	932446
936437	936594
939944	940181
944120	944153
944781	945093
946243	946451
947883	947882
948792	948890
949482	949562
950304	950494
953690	954094
955856	955984
956678	956875
959319	959486
960252	960423
962892	963050
963336	963542
970822	970974
971869	971844
972625	972759
980010	980269
982118	982297
983521	983741
984933	985116
986206	986807
988209	988376
989580	989844
992458	992499
996736	997090
997631	997712
1003881	1003990
1005002	1005174
1005718	1005713
1006824	1007066
1011095	1011223
1014683	1014937
1015106	1015174
1017523	1017707
1018161	1018235
1019277	1019632
1020143	1020360
1020991	1020952
1023572	1023693
1025749	1025779
1026239	1026333
1026997	1027168
1027583	1027626
1029193	1029286
1029566	1029561
1029892	1029981
1030642	1030847
1030936	1031361
1036830	1036962
1039761	1039839
1041139	1041252
1048968	1049055
1049754	1050185
1050399	1050683
1050897	1051069
1051464	1051511
1052586	1052656
1055402	1055483
1056513	1056484
1057178	1057306
1061622	1061772
1062999	1063258
1064516	1064807
1066050	1066086
1066932	1067303
1067478	1067733
1073235	1073464
1074104	1074142
1078106	1078527
1080037	1081465
1083871	1084214
1085280	1085328
1091513	1092098
1093458	1093497
1094661	1095065
1096053	1096787
1096876	1097108
1099418	1099518
1100011	1100073
1102420	1103173
1104126	1104183
1104517	1104636
1104949	1105042
1107000	1107006
1108165	1108557
1112630	1112801
1113030	1113029
1113405	1113486
1114714	1114884
1115806	1116029
1117083	1117123
1118270	1118529
1119810	1119923
1120179	1120464
1120711	1120783
1121831	1121935
1122497	1122629
1124550	1124784
1126953	1127061
1128598	1128636
1129352	1129426
1130087	1130240
1133781	1133951
1140210	1140404
1143591	1143724
1144046	1144162
1145123	1145233
1145819	1145811
1146764	1146843
1150628	1150837
1151075	1151161
1152404	1152522
1156798	1157091
1158526	1158584
1160775	1161107
1164909	1165307
1166613	1166821
1167362	1167422
1168056	1168295
1168554	1168634
1169598	1169740
1173188	1173314
1174389	1174649
1179583	1179701
1180949	1181005
1184818	1185066
1186294	1186341
1187464	1187538
1189671	1189838
1194175	1194345
1195597	1196089
1197461	1197917
1198812	1198901
1200256	1200719
1201062	1200998
1201308	1201481
1202157	1202246
1202448	1202490
1203384	1204771
1204955	1206135
1207769	1207739
1208343	1208907
1209463	1209568
1210403	1210902
1211227	1211925
1212331	1212550
1213283	1213486
1214699	1215011
1215249	1215290
1215859	1215970
1216220	1216550
1218075	1218205
1218425	1221527
1222387	1222486
1222673	1223501
1225304	1225822
1226192	1226293
1226696	1226936
1227231	1227301
1227962	1228037
1228500	1228705
1229618	1229989
1231678	1231722
1232254	1232398
1233941	1234160
1234881	1234931
1236465	1236793
1239173	1239557
1241295	1241388
1242304	1242402
1243015	1243015
1243751	1243950
1244206	1244382
1244824	1244901
1246600	1246918
1250062	1250288
1252209	1252307
1255176	1255943
1257036	1257151
1257737	1258013
1258293	1258346
1260027	1260150
1261099	1261248
1262724	1262936
1268243	1268390
1268499	1268545
1268613	1268925
1269034	1269080
1269147	1269460
1269569	1269615
1269684	1269971
1271073	1271341
1271573	1271729
1272426	1272468
1272823	1273006
1274402	1274401
1276842	1277179
1278572	1279086
1285750	1286288
1286552	1286760
1286846	1287004
1287848	1287896
1288356	1288467
1289374	1289464
1290479	1290679
1291589	1291731
1292146	1292749
1293368	1294668
1297345	1297820
1298469	1299205
1300838	1300922
1304793	1304844
1306670	1306811
1306986	1307039
1308294	1308592
1308890	1309112
1309833	1309871
1310271	1310374
1311688	1312043
1312683	1312741
1313795	1313879
1314060	1314439
1321107	1321243
1324666	1324875
1325752	1325790
1327137	1327355
1328406	1328440
1328693	1329071
1331670	1331878
1332854	1333183
1333483	1333854
1336531	1336593
1337185	1337353
1338119	1338266
1339752	1339944
1341009	1341133
1341353	1341620
1342371	1342459
1342634	1342780
1344767	1344819
1344925	1345001
1346937	1347003
1348132	1348274
1349064	1349430
1355135	1355446
1355693	1355825
1357212	1357513
1358933	1359143
1360493	1360766
1364840	1364958
1365937	1366102
1367639	1367712
1368028	1368239
1378832	1379970
1380877	1380986
1381986	1382140
1384597	1384743
1386286	1386328
1386836	1386953
1387920	1387893
1388623	1388956
1389878	1390014
1390915	1391250
1392865	1392914
1393947	1394099
1395117	1395388
1395647	1395695
1396647	1396797
1397551	1397744
1402590	1402764
1403674	1403675
1403834	1404002
1404567	1404586
1405820	1406073
1407058	1407152
1407275	1407534
1408909	1409036
1411477	1411554
1411952	1412007
1415411	1415511
1416254	1416694
1417184	1417179
1417481	1417788
1418266	1418388
1420754	1421423
1421610	1421805
1423264	1423400
1423665	1425769
1426751	1427072
1431011	1431107
1431699	1432014
1432282	1433208
1433644	1433783
1434918	1435144
1435254	1435283
1438809	1439081
1439349	1439344
1439768	1439877
1440868	1441074
1444231	1444401
1445308	1445542
1447043	1447099
1449374	1449620
1451667	1451950
1461463	1461562
1463086	1463188
1463255	1465944
1467174	1467381
1468534	1472244
1473106	1473167
1475475	1475644
1480226	1480278
1480885	1481084
1484988	1485258
1486060	1486255
1487696	1488925
1489457	1489466
1489531	1489700
1489875	1489945
1490154	1490142
1490199	1490493
1492135	1492171
1493096	1493311
1494656	1494879
1496536	1496674
1496900	1496961
1497502	1497492
1498474	1498596
1500180	1500480
1501150	1501740
1502890	1502928
1504105	1504195
1504733	1504804
1506767	1506857
1507089	1507309
1507949	1508026
1509434	1509677
1515027	1515122
1515219	1515412
1515587	1515671
1515906	1515905
1516871	1517050
1518089	1518285
1518952	1518986
1521090	1521330
1522393	1522504
1524005	1524270
1524889	1524963
1525177	1527945
1528429	1529839
1530977	1531075
1531310	1531305
1531876	1532047
1532894	1532988
1533883	1533960
1542085	1542407
1542744	1544311
1545194	1545424
1550016	1550421
1550707	1550851
1551863	1551995
1553694	1553849
1553988	1554088
1554305	1554648
1555081	1555135
1561101	1561357
1565165	1565527
1566848	1566977
1568514	1568668
1570070	1570430
1577367	1577656
1578815	1578865
1580549	1580949
1581712	1581785
1581984	1582230
1584511	1584843
1585759	1585816
1586864	1588877
1590467	1596640
1598234	1598311
1599266	1599513
1606129	1606131
1607047	1607252
1608705	1608930
1609879	1609989
1612728	1612827
1613710	1613786
1614903	1615051
1616243	1616266
1616933	1617143
1618232	1618261
1619162	1619355
1620544	1620669
1620766	1620840
1620939	1620983
1621875	1622128
1622522	1622796
1623316	1623358
1625405	1625540
1626288	1626375
1627063	1627238
1627443	1627476
1628938	1631062
1631330	1631645
1632237	1632333
1633872	1634779
1635482	1635632
1635807	1635977
1636134	1636478
1636692	1637053
1638610	1639362
1639579	1639878
1640092	1640512
1642329	1642674
1642927	1643142
1643299	1643369
1643897	1643920
1644227	1644428
1644762	1645643
1645875	1645957
1646366	1646531
1647066	1647405
1647459	1647632
1648010	1650919
1653166	1653370
1653698	1653831
1654769	1654770
1655482	1655588
1655895	1656092
1663145	1663338
1664596	1664547
1665244	1665367
1666589	1666722
1667617	1667722
1668977	1669399
1670806	1670843
1671526	1671936
1672972	1672995
1675928	1676450
1677396	1677580
1679723	1679718
1680055	1680182
1682208	1682282
1683213	1683208
1684613	1684754
1686402	1686599
1687776	1687875
1689385	1689609
1694096	1694485
1695077	1695296
1696065	1696175
1697205	1697378
1700154	1700256
1701259	1701291
1702333	1702574
1702701	1702972
1703189	1703273
1703715	1703790
1710183	1710792
1712296	1712400
1713007	1713049
1713914	1713971
1715247	1715374
1716032	1716089
1716420	1716516
1717627	1717899
1718368	1718413
1718849	1719048
1722158	1722157
1723945	1724046
1726269	1726370
1727019	1727110
1731728	1731777
1732126	1732458
1733275	1733401
1733984	1734144
1735315	1735479
1735570	1735867
1736894	1736889
1737823	1737934
1739147	1739436
1740586	1740624
1741267	1741480
1742855	1742894
1744152	1744458
1745030	1745154
1746760	1746770
1752502	1752955
1753166	1753721
1755135	1755444
1755682	1755744
1756750	1756897
1762411	1762736
1762805	1762957
1763147	1763245
1766710	1767097
1768211	1768395
1768502	1768638
1768996	1769094
1770310	1770535
1773469	1773610
1776372	1776413
1777326	1777640
1782702	1782757
1785137	1785468
1786303	1786458
1787506	1787636
1787829	1787831
1790045	1790290
1793177	1793276
1796967	1797249
1797774	1797825
1798024	1798119
1800595	1803188
1803297	1803348
1804108	1804393
1805324	1805423
1805715	1805819
1806681	1806720
1807258	1807403
1808073	1808234
1808826	1808957
1810350	1810352
1811157	1811444
1811688	1811890
1814153	1814409
1816525	1816628
1819239	1819322
1819644	1819941
1820281	1820481
1821310	1821538
1822427	1822385
1822962	1823163
1823650	1823978
1830007	1830451
1831259	1831424
1837425	1837490
1838799	1838806
1839428	1839513
1839922	1839886
1840160	1840394
1841739	1841854
1842896	1843022
1846033	1846148
1846701	1846860
1848718	1848883
1850553	1850644
1852004	1852119
1852879	1853014
1859357	1859725
1860454	1860794
1861791	1861873
1862759	1862805
1863661	1863749
1864497	1864931
1868263	1868408
1869885	1870064
1872102	1872101
1872207	1872375
1872823	1872778
1873601	1873696
1875281	1875301
1875557	1875738
1876973	1877030
1877280	1877426
1877973	1878144
1878784	1878909
1879834	1879935
1881022	1881211
1884835	1884887
1886016	1886084
1887771	1887974
1891260	1891390
1891736	1892156
1892457	1892575
1892756	1892828
1894773	1894955
1896321	1896450
1898050	1898052
1899610	1900071
1903284	1903711
1904279	1904274
1905085	1905249
1905460	1905471
1905616	1906284
1906573	1906646
1906791	1906948
1907189	1907331
1908124	1908299
1909674	1909718
1910601	1910791
1913559	1913654
1914153	1914281
1918168	1918246
1919687	1919803
1920041	1920144
1920337	1920336
1920994	1921089
1921339	1921187
1921309	1921388
1922994	1923131
1923363	1923463
1924807	1924802
1926864	1927071
1927732	1928057
1928772	1928904
1930084	1930138
1932629	1932862
1934339	1934675
1935546	1935672
1937116	1937245
1938218	1938336
1940608	1940685
1942224	1942369
1944001	1944138
1944205	1944274
1944878	1944878
1946657	1946773
1948547	1948855
1950686	1950725
1952438	1952601
1956157	1956543
1957871	1958085
1959820	1959995
1960485	1960603
1964216	1964416
1970716	1970859
1975164	1975289
1976222	1976541
1977240	1977776
1978206	1978211
1980412	1980577
1984153	1984948
1985453	1985530
1985783	1985896
1985984	1986245
1986570	1986739
1987238	1987274
1987515	1987704
1988917	1988977
1989644	1989838
1990142	1990292
1993384	1993841
1994067	1994133
1994857	1995085
1997505	1997608
1998410	1998496
1999814	2000133
2001631	2001895
2004103	2004179
2005668	2005700
2006115	2006300
2007737	2007844
2008514	2008623
2009104	2010723
2011039	2011252
2017538	2017641
2021703	2021991
2022616	2022658
2022848	2023009
2023238	2023250
2023338	2023534
2024351	2024346
2026042	2026211
2026395	2026472
2027391	2027562
2028484	2028471
2031509	2031672
2031764	2033858
2034711	2034817
2036848	2036979
2037394	2037501
2039143	2039398
2040050	2040391
2040923	2041491
2041582	2041674
2042649	2042961
2050039	2051666
2052984	2053084
2054540	2054881
2055599	2056050
2057715	2057874
2057951	2057987
2058939	2059039
2059958	2060283
2060360	2060414
2061348	2061411
2063789	2064328
2065346	2066975
2068205	2069338
2072683	2072802
2075505	2075592
2075968	2077055
2077386	2077556
2078616	2078812
2079287	2079404
2080572	2080779
2082208	2082249
2083550	2083727
2085139	2085352
2087153	2087234
2087738	2088019
2088071	2088215
2095250	2095344
2096326	2096470
2097638	2097885
2099293	2099918
2100936	2101414
2111086	2111457
2112352	2112525
2116429	2116703
2127675	2127684
2131422	2131513
2135268	2135925
2137510	2137782
2140240	2140330
2140973	2141289
2144608	2144715
2145565	2145697
2147051	2147062
2149010	2149208
2149671	2149734
2151153	2151332
2151476	2151372
2151433	2151667
2151804	2151704
2151762	2152039
2163023	2163212
2163546	2163691
2165225	2165325
2165545	2166012
2166331	2166735
2167636	2168259
2169423	2169856
2170898	2170944
2175227	2175533
2176587	2176842
2180084	2180056
2183324	2183545
2183819	2183938
2184764	2184981
2185321	2185401
2190245	2190536
2190819	2191080
2192191	2192321
2194356	2198300
2202312	2202617
2207126	2209246
2209709	2209747
2212667	2212887
2213620	2213678
2213787	2213766
2217504	2217713
2220012	2220206
2221923	2221959
2222893	2223065
2223654	2223822
2224402	2224530
2225293	2227003
2227088	2227459
2228408	2228645
2229737	2229865
2230751	2230899
2231862	2232054
2234523	2234764
2238371	2238649
2239691	2239831
2241675	2241931
2242769	2242799
2244792	2245084
2246555	2246758
2247641	2247738
2250811	2250916
2252168	2252266
2253209	2253376
2254037	2254106
2255358	2255450
2257319	2257740
2261518	2261884
2263067	2263062
2263318	2263471
2264045	2264266
2265734	2265850
2267590	2268000
2268568	2268747
2275912	2275914
2276260	2276591
2278506	2278653
2280415	2280538
2280824	2280961
2281970	2282150
2284310	2287086
2288104	2288521
2289170	2289379
2301520	2301627
2301793	2301926
2302416	2303129
2304777	2304993
2308428	2308500
2309557	2309667
2310772	2311105
2311199	2311509
2314850	2315048
2317899	2318064
2321274	2321468
2325316	2325388
2327820	2332357
2334667	2334814
2337443	2337588
2338312	2338438
2342192	2342886
2345173	2345405
2346791	2346843
2347495	2347956
2350397	2350668
2354734	2354925
2356024	2356063
2358175	2358230
2360234	2360452
2361656	2361754
2362298	2362575
2363002	2363039
2363643	2363949
2371301	2371293
2371561	2371669
2377282	2377369
2378666	2378743
2379566	2379629
2380548	2380734
2381947	2382016
2383745	2383881
2384854	2384955
2385460	2385731
2386449	2386656
2387080	2387134
2387987	2388069
2391064	2391226
2401868	2401972
2403095	2403724
2404664	2405582
2406801	2406883
2407484	2407541
2409375	2409460
2410617	2410698
2411155	2411491
2414914	2415102
2416624	2416655
2417811	2417862
2418508	2418642
2420624	2420670
2421562	2421757
2424811	2425030
2425814	2426078
2428786	2429043
2431949	2432103
2435874	2435971
2436968	2436963
2438143	2438406
2439628	2439785
2441793	2441912
2446463	2446627
2447180	2447249
2450359	2453104
2453669	2454348
2454835	2455036
2458492	2458671
2458957	2459327
2460669	2461033
2462093	2462273
2463030	2463322
2464406	2464566
2465725	2465876
2468485	2469098
2469540	2470408
2470904	2471625
2471989	2472053
2472879	2473005
2474201	2474331
2474621	2474715
2475652	2475868
2478553	2478659
2481362	2481776
2485990	2486044
2487191	2487263
2488209	2488277
2491277	2491788
2492425	2492719
2492996	2493071
2493315	2493666
2494588	2494942
2495015	2495078
2496318	2496692
2500010	2500011
2506265	2506482
2507449	2507651
2508909	2509022
2509350	2509489
2510729	2511063
2512267	2512352
2513466	2513664
2515855	2516062
2516254	2516488
2517228	2517278
2518695	2518952
2519351	2519614
2520500	2520750
2522901	2523148
2523914	2523951
2524879	2524967
2525967	2525962
2528199	2528268
2529256	2529484
2530247	2530430
2531403	2531785
2534366	2534407
2535260	2535363
2535739	2535770
2536506	2536693
2537606	2537738
2541551	2541853
2542646	2542773
2543632	2543794
2547429	2547667
2548568	2548662
2549239	2549298
2550161	2550373
2552147	2552151
2556702	2556879
2558089	2558278
2558921	2559389
2560016	2560132
2561140	2561613
2562395	2562544
2563355	2563502
2566130	2566345
2570073	2570178
2573828	2574119
2576400	2576687
2579662	2579755
2580800	2580924
2583548	2583752
2585454	2585616
2588731	2588828
2588889	2589268
2590985	2591093
2594760	2594926
2595641	2595852
2597783	2597927
2598971	2599222
2612805	2612841
2613904	2614115
2615960	2616096
2616799	2616892
2618183	2618267
2618895	2619218
2620895	2621065
2624679	2624716
2626961	2627311
2627504	2627813
2628888	2628979
2632093	2632253
2633625	2633620
2633837	2633905
2635379	2635495
2638598	2638707
2640867	2641150
2642306	2642454
2642887	2643034
2650310	2650515
2651362	2651876
2652181	2652178
2652956	2653096
2654381	2654557
2659554	2659664
2660154	2660604
2661346	2661463
2662268	2662411
2663267	2663456
2664738	2664728
2665869	2666027
2666919	2667053
2671272	2671367
2671791	2671837
2677390	2677485
2680768	2680884
2682079	2682275
2683530	2683856
2685048	2685091
2687529	2687692
2689363	2689677
2693566	2693822
2695380	2695375
2695880	2695936
2696573	2696780
2697946	2698138
2698220	2698541
2698619	2698639
2702086	2702356
2705147	2705343
2708035	2708441
2710065	2710048
2710787	2710917
2712253	2712460
2713343	2713444
2714033	2714087
2714472	2714775
2715466	2715512
2716551	2716756
2717177	2717244
2720636	2720748
2722474	2722469
2723769	2724090
2727207	2727390
2727467	2727637
2729180	2729621
2734034	2734167
2734906	2735175
2736928	2736969
2739173	2739381
2739748	2739896
2742130	2742204
2744208	2744455
2745818	2745983
2748083	2748136
2748731	2748852
2749732	2749816
2751479	2751626
2751969	2752029
2752787	2752917
2753401	2753614
2753978	2754180
2755423	2755665
2756623	2756665
2756879	2757006
2758417	2758568
2759196	2759372
2763176	2763534
2763799	2763939
2765378	2765731
2766596	2766686
2767509	2767724
2769147	2769169
2769638	2771339
2773044	2773940
2775805	2775993
2776008	2776167
2780749	2783783
2783860	2787006
2792038	2792274
2794359	2794358
2795051	2795232
2796067	2796112
2796518	2797185
2797636	2797671
2798017	2798155
2798498	2798744
2802484	2802836
2806147	2807638
2808702	2808791
2809323	2809448
2812177	2812239
2812756	2812823
2812902	2812904
2815526	2815805
2815883	2816080
2816297	2816494
2816668	2816982
2817169	2817402
2820034	2820160
2820662	2820729
2822369	2822512
2823599	2823853
2826539	2826642
2828801	2828796
2830312	2830497
2833068	2833194
2835448	2835599
2836128	2836275
2837290	2837545
2840437	2840594
2847872	2847995
2848458	2848668
2854439	2854474
2854829	2855114
2857677	2857781
2858439	2858488
2859257	2859451
2861524	2861614
2863035	2863122
2864488	2864580
2866776	2866914
2870843	2871035
2874352	2874602
2875641	2876590
2882161	2882574
2885242	2885375
2885432	2885599
2889921	2890235
2890602	2890678
2892794	2892940
2895893	2895985
2897441	2897509
2898296	2898613
2901397	2902768
2903441	2903578
2903720	2903732
2904606	2904664
2907689	2907915
2909362	2909438
2913023	2913078
2915836	2916066
2920123	2920556
2922547	2922756
2923303	2923369
2924219	2924329
2925695	2926250
2929833	2929886
2931711	2932256
2938122	2938164
2940590	2940717
2940924	2940939
2941168	2941358
2943008	2943057
2943865	2944102
2945201	2945408
2945706	2945778
2947033	2947263
2948596	2948656
2956907	2957081
2962200	2962382
2964060	2964209
2967000	2967683
2968374	2968441
2969156	2969292
2969512	2969618
2970660	2970690
2974408	2974620
2975653	2975658
2976922	2977042
2977979	2977964
2978658	2978785
2980205	2980518
2982147	2982432
2983615	2983868
2985099	2985557
2986191	2986523
2987809	2987840
2987922	2987956
2988383	2989289
2989782	2990115
2991493	2991659
2991879	2994393
2995623	2997005
2997914	2998366
3001991	3002029
3003809	3004283
3010416	3010635
3013080	3013181
3013761	3014081
3022209	3022372
3026511	3026545
3028954	3029388
3030965	3031086
3031636	3031678
3037766	3037876
3038399	3038437
3039093	3039334
3040316	3040510
3041171	3041333
3041646	3041683
3043124	3043179
3043924	3044189
3048690	3049136
3053467	3053633
3054812	3054870
3055011	3054911
3054972	3055199
3056433	3056687
3057348	3057774
3058669	3058871
3064303	3064298
3065196	3065361
3066103	3066194
3066831	3066968
3067830	3068186
3069267	3069480
3071714	3071997
3077353	3077665
3079658	3079934
3080694	3080898
3081820	3081956
3084074	3084208
3084425	3084727
3085883	3086305
3088275	3088368
3089077	3089155
3090851	3090958
3091939	3092121
3093103	3093119
3096426	3096579
3097588	3097703
3098751	3098925
3099646	3099828
3100875	3101034
3102391	3102454
3103535	3103735
3104993	3105041
3107178	3107574
3108464	3108611
3109149	3111088
3111500	3111564
3112375	3112571
3117135	3117618
3119302	3119655
3126044	3126293
3127059	3128199
3129217	3129362
3130431	3130475
3131980	3132152
3132846	3132893
3134394	3134684
3136545	3136748
3137616	3137737
3144284	3144471
3144760	3145918
3146960	3146998
3147494	3147683
3148569	3148839
3150007	3150257
3151446	3151584
3152245	3152283
3153241	3153376
3154541	3154644
3155473	3155671
3156907	3156948
3159169	3159278
3160692	3160765
3161504	3161736
3163996	3164132
3165741	3165872
3166567	3166770
3167699	3167849
3169856	3169900
3170234	3170551
3171479	3171525
3175933	3176136
3177619	3177765
3179604	3179640
3180430	3180571
3181346	3181834
3182489	3182861
3183153	3183435
3183988	3184208
3185438	3187902
3189719	3189760
3189962	3190229
3192548	3192744
3192888	3192787
3192848	3193120
3193263	3193162
3198988	3199228
3201152	3201331
3202154	3202242
3202612	3202715
3203334	3203345
3204279	3204484
3205999	3206045
3207510	3207551
3208566	3208802
3209019	3209128
3210875	3211068
3212911	3212988
3213496	3213619
3213696	3213748
3214514	3214800
3215425	3215577
3217099	3217515
3218896	3218936
3219270	3219487
3220472	3220654
3225690	3225822
3229262	3229686
3231706	3231749
3232478	3232760
3233898	3233981
3237568	3237965
3239211	3239214
3239767	3239848
3242764	3243125
3244545	3244673
3245451	3245794
3246845	3246990
3248399	3248583
3248977	3249045
3250033	3250325
3250692	3250932
3251290	3251339
3252237	3252340
3253230	3253362
3256033	3256306
3264051	3264148
3265088	3265401
3265621	3265875
3266416	3266436
3267625	3268237
3269793	3269888
3272930	3273303
3274876	3275023
3275824	3275877
3276688	3276935
3278713	3279997
3282026	3282191
3285048	3285447
3286033	3286111
3290455	3290496
3291358	3291421
3295007	3295119
3296161	3296232
3296869	3296995
3297515	3297493
3297938	3297987
3298291	3298276
3299299	3299506
3302478	3302594
3303840	3303992
3305956	3306061
3306947	3307054
3309191	3309246
3309421	3309436
3309707	3309854
3311201	3311363
3316029	3316234
3316312	3316658
3318003	3318009
3319636	3320093
3320528	3320754
3322934	3323022
3324958	3325056
3325687	3325811
3326106	3326260
3326738	3326984
3328419	3328603
3330758	3330883
3331474	3331731
3332704	3332930
3333210	3333256
3334826	3334984
3338088	3338296
3344483	3344599
3346261	3346473
3347107	3347102
3348482	3348598
3348720	3348710
3352073	3352746
3358639	3359197
3359963	3360133
3363211	3363723
3364741	3364947
3365665	3365848
3366977	3367035
3370597	3370704
3371599	3371719
3372512	3372890
3374259	3374300
3375443	3375836
3376674	3376891
3378020	3378212
3378612	3378764
3381290	3381351
3382291	3382724
3383196	3383559
3383824	3383878
3384152	3384242
3387360	3387541
3388472	3388604
3390051	3390479
3394281	3394347
3399110	3399413
3401355	3401505
3402481	3403457
3405289	3405396
3407974	3408301
3409590	3409674
3410560	3410642
3410823	3410824
3411488	3411885
3416160	3416411
3416634	3418155
3421217	3421444
3424806	3424979
3426785	3427257
3427813	3427787
3431583	3431711
3435917	3436045
3436457	3436452
3436672	3436726
3437532	3437637
3440494	3440639
3446172	3446335
3451293	3451529
3453421	3453599
3464243	3464270
3464748	3464818
3465014	3465181
3467876	3468166
3472575	3472699
3474463	3474628
3475442	3475661
3475881	3475928
3476520	3476613
3479184	3479310
3482459	3482511
3483382	3483435
3483841	3484141
3486916	3486981
3488203	3488287
3489643	3489746
3490320	3490589
3491772	3492032
3494900	3495024
3497224	3497469
3497638	3497931
3501975	3502073
3502806	3502956
3508999	3509081
3510367	3510655
3513936	3514041
3515329	3515419
3517087	3517486
3520774	3520892
3523446	3523610
3524172	3524490
3528675	3528736
3530462	3530839
3532463	3532537
3534607	3534833
3535311	3535406
3537729	3538184
3540987	3541188
3542068	3542095
3542867	3542903
3544222	3544580
3545898	3546007
3550496	3551106
3553813	3553854
3556102	3556289
3557889	3557869
3559847	3560035
3561542	3562156
3571526	3571797
3572902	3573093
3573688	3573743
3575616	3575753
3576750	3576972
3577669	3577790
3579040	3579160
3579650	3579885
3581065	3581505
3582204	3582426
3582583	3582781
3583067	3583103
3584847	3584965
3585407	3585392
3590349	3590746
3595584	3596006
3596391	3596577
3597682	3597951
3598807	3599050
3602267	3602415
3603272	3603273
3603634	3603773
3604401	3604473
3606673	3606773
3607020	3607239
3608536	3608538
3609757	3609887
3611580	3611689
3617013	3617214
3621806	3622400
3623538	3623701
3628626	3628990
3630614	3632863
3633917	3634230
3635434	3635664
3637165	3637407
3637744	3638133
3638569	3638884
3640355	3640402
3643206	3643407
3645675	3645727
3645857	3646550
3648686	3650204
3651222	3651983
3652551	3652705
3653237	3653277
3653926	3653988
3654316	3654430
3654764	3655017
3655591	3656388
3656917	3657254
3661551	3661912
3662642	3662886
3662992	3663008
3663834	3664202
3665604	3665813
3667212	3667614
3669265	3669314
3669918	3670436
3671337	3671384
3672399	3672808
3674132	3674312
3676374	3676442
3677211	3677441
3678372	3678466
3679964	3680183
3681471	3681652
3683642	3683722
3693260	3694019
3694209	3694480
3697917	3698002
3698111	3698158
3698225	3698585
3699858	3699886
3703814	3704120
3705729	3706638
3708499	3708821
3710031	3710258
3710958	3711114
3712116	3712083
3714418	3714569
3715230	3715332
3716308	3716356
3717068	3717500
3717792	3718071
3718285	3718470
3718624	3718702
3720129	3720350
3723342	3723435
3723736	3723909
3724906	3724946
3725385	3725429
3725772	3725939
3727395	3727465
3728789	3729153
3732925	3733001
3734181	3734375
3735201	3735519
3737551	3737727
3738982	3739131
3739606	3739706
3740556	3740755
3742234	3742350
3748805	3749150
3749892	3750014
3750990	3750985
3752452	3752995
3754535	3754698
3755851	3756039
3759273	3759369
3759979	3760205
3765203	3766199
3766662	3768265
3769768	3770303
3772218	3772446
3774183	3774193
3774404	3774687
3775051	3775421
3779041	3779237
3779712	3779763
3782466	3782606
3783039	3783282
3787084	3787069
3788105	3788342
3790575	3790848
3791707	3792009
3796231	3796261
3797336	3797367
3800023	3800061
3806122	3806562
3808328	3808365
3809176	3809272
3809698	3809913
3810583	3810753
3812411	3812516
3813114	3813149
3813792	3813885
3814573	3814698
3815563	3815782
3816608	3816896
3817515	3817510
3819194	3819450
3820075	3820128
3825315	3825482
3826689	3826967
3828360	3828479
3830190	3830241
3833953	3834244
3834340	3834975
3836161	3836270
3837195	3837197
3838017	3838237
3838532	3838571
3839763	3839972
3841813	3841986
3843754	3843798
3845191	3845327
3848750	3848824
3851281	3851575
3851666	3851944
3853130	3853136
3854331	3854437
3854888	3854933
3858140	3858305
3859200	3861921
3862639	3862634
3864297	3864491
3864921	3865031
3865446	3865750
3866084	3866084
3867333	3867399
3868465	3868460
3869754	3869872
3873184	3873460
3874118	3874162
3874976	3875089
3875489	3875727
3881753	3882358
3884746	3884850
3886216	3886457
3886533	3886752
3888169	3888258
3889507	3889637
3891748	3891903
3893242	3893294
3894633	3894796
3896633	3896693
3900244	3900311
3903621	3903753
3904591	3904875
3906390	3906571
3909549	3909861
3911692	3911852
3913224	3913575
3918912	3918972
3920464	3921079
3923657	3924034
3924479	3924567
3925027	3925177
3926171	3926174
3929117	3929338
3931208	3931373
3935192	3935316
3937243	3937207
3939351	3939830
3941534	3941726
3945056	3945150
3945991	3946108
3946448	3946471
3947993	3948344
3948581	3950223
3954899	3954949
3955844	3955992
3957469	3957554
3957837	3958699
3960722	3960767
3962253	3962387
3963654	3963783
3964114	3964439
3965700	3965938
3978720	3978909
3982217	3982374
3984031	3984454
3984627	3984708
3988790	3989175
3991723	3991761
3992083	3992544
3995923	3996005
3998169	3998314
3999080	3999448
4000400	4000441
4000823	4000835
4001217	4001310
4002721	4002884
4003755	4003886
4006401	4006461
4007083	4007192
4009999	4009885
4010840	4011075
4013338	4013376
4014193	4014453
4015216	4015355
4016784	4016877
4019890	4019967
4022360	4022355
4022845	4023010
4025252	4025631
4028995	4029183
4033177	4033553
4035359	4035541
4038660	4038928
4040023	4040091
4042068	4042221
4043653	4043692
4044626	4044988
4048031	4048155
4048789	4049058
4049880	4050067
4051442	4051669
4051781	4051891
4054363	4054647
4056058	4056429
4058254	4058469
4060169	4060269
4061536	4061625
4062319	4062385
4067300	4067497
4068425	4068537
4071595	4071761
4072659	4072691
4073478	4073575
4076462	4077319
4077533	4077773
4077993	4078321
4083846	4084038
4084873	4085024
4086081	4086129
4090847	4091146
4092296	4092745
4095472	4095758
4096596	4096668
4097518	4097513
4098549	4098832
4099454	4099712
4100697	4100844
4101520	4101624
4103694	4103842
4104344	4104491
4105395	4105574
4106538	4106856
4107847	4107952
4108709	4108762
4109531	4109637
4110238	4110337
4110779	4110989
4111745	4111748
4112496	4112591
4113603	4113736
4116114	4116537
4116784	4116867
4117354	4117445
4118373	4118438
4120311	4120402
4121363	4121453
4122480	4122634
4124834	4125035
4125249	4125308
4125918	4126100
4126419	4126694
4130291	4130638
4131530	4131857
4134039	4134130
4135037	4135062
4135681	4135954
4140245	4140552
4145503	4145488
4146341	4146554
4148289	4148469
4151122	4151718
4152871	4153023
4156247	4156307
4156418	4156512
4157431	4157412
4158814	4159146
4160154	4160192
4161294	4161661
4164309	4164681
4166224	4166394
4166471	4166663
4169780	4170079
4172071	4172098
4173050	4173410
4175152	4175380
4176312	4176469
4177607	4178018
4178517	4178582
4178949	4179267
4187597	4187808
4188349	4188349
4188511	4188757
4194123	4194354
4194832	4194925
4198118	4198303
4199285	4199285
4199712	4199948
4202669	4202664
4205556	4206169
4207873	4208065
4211641	4211702
4212147	4212302
4213233	4213500
4216437	4216618
4218356	4218323
4220511	4220826
4221652	4221850
4225535	4225753
4227386	4227475
4228166	4228376
4229250	4229381
4229655	4229906
4231257	4231780
4233431	4233928
4237754	4237799
4238079	4238347
4238759	4238801
4240278	4240648
4243099	4243251
4244443	4244806
4247335	4247576
4248498	4250528
4251912	4252065
4254490	4254659
4255029	4255137
4257145	4257259
4257470	4257510
4258027	4258343
4258599	4258621
4259330	4259736
4260730	4260862
4261106	4261270
4262255	4262336
4264885	4265136
4266331	4266831
4267036	4267436
4268151	4268260
4269038	4269071
4271895	4272147
4272685	4272782
4273065	4273493
4275081	4275082
4275407	4275491
4275957	4275949
4276090	4276501
4277852	4278002
4279653	4279805
4281099	4281275
4283237	4283435
4285395	4285786
4292163	4292503
4293818	4294458
4295149	4295241
4297390	4297586
4302133	4302150
4302427	4302634
4304621	4304892
4309004	4309129
4311015	4311372
4311823	4311890
4312221	4312366
4320446	4321358
4323189	4323320
4323765	4324421
4324758	4325157
4328262	4328524
4330028	4330203
4333614	4333716
4335055	4335190
4335953	4336276
4338545	4338742
4339652	4339933
4341290	4341403
4342814	4342951
4343582	4343702
4345350	4345426
4346768	4347337
4349686	4349865
4350381	4350606
4351105	4351222
4352741	4352976
4354435	4354492
4356641	4356719
4358055	4358418
4359958	4360573
4363380	4363494
4364797	4364913
4366351	4366686
4367164	4367178
4368436	4368710
4370695	4370831
4371186	4371387
4372258	4372651
4373681	4373721
4374289	4374339
4374466	4374575
4374723	4374897
4375216	4375211
4380342	4380665
4381644	4381861
4384042	4384069
4388384	4388479
4389533	4389626
4390173	4390382
4390682	4390914
4390969	4390950
4392091	4392088
4398226	4398310
4398620	4398694
4402328	4402408
4402607	4402709
4404009	4404212
4407119	4407297
4408030	4408155
4409275	4409324
4412215	4412297
4413924	4414039
4414316	4414463
4414794	4414974
4415725	4415720
4416477	4416583
4417649	4418002
4422410	4422538
4422815	4423140
4424581	4424650
4425446	4426101
4426741	4426957
4427579	4427886
4429300	4429343
4430007	4430113
4431080	4431186
4432048	4432135
4432517	4432644
4434589	4434777
4435519	4435729
4436669	4436730
4437286	4437609
4437817	4437894
4439239	4439560
4440200	4440404
4446259	4446469
4447066	4447144
4447676	4447984
4448942	4449080
4452602	4452633
4453633	4453807
4455182	4455336
4455889	4455981
4457335	4457922
4458388	4458544
4460684	4461076
4464204	4464321
4465270	4465453
4465508	4465647
4468345	4468549
4468937	4469008
4470419	4470421
4470557	4470836
4471233	4471362
4472077	4472146
4472741	4472884
4473338	4473459
4475275	4475329
4476335	4476495
4476913	4477056
4477561	4477752
4478950	4479004
4482304	4482462
4483975	4484240
4486424	4486583
4492430	4492645
4493210	4493212
4494233	4494427
4494513	4496294
4497524	4499282
4499613	4500125
4501455	4502080
4504429	4504470
4504597	4505488
4506641	4508712
4514701	4514786
4516259	4516549
4516826	4517360
4518348	4518693
4520044	4520149
4523827	4524128
4526004	4525999
4526090	4526133
4529675	4530459
4531207	4531261
4532077	4534636
4537525	4538979
4539583	4540059
4540657	4541137
4543053	4543118
4547734	4547975
4549320	4549658
4552385	4552598
4553373	4553512
4554344	4555015
4555409	4555400
4558704	4558952
4559508	4559519
4560699	4560765
4561627	4561944
4563874	4563988
4566543	4568184
4569598	4569773
4569939	4574934
4577361	4577521
4577864	4577857
4577935	4578090
4581072	4581271
4584785	4584971
4585887	4585931
4589303	4589679
4591336	4591383
4592746	4592959
4593875	4594012
4595036	4595172
4597465	4597717
4599541	4599646
4600882	4601499
4602226	4602332
4602861	4602897
4603687	4603826
4604064	4604101
4604425	4604691
4605724	4605825
4607347	4607436
4609027	4609418
4612284	4612702
4615089	4615345
4616126	4616251
4619626	4619791
4621124	4621123
4622813	4622917
4626571	4626877
4628546	4628755
4630694	4630782
4631110	4631255
4631769	4631819
4632468	4632463
4633334	4633543
4637554	4637612
4638330	4638424
4638566	4638964
