3	4638330	5682
4	6460	6528
7	7960	9927
8	10495	10642
11	11787	16750
14	16904	19810
15	20509	20814
22	21079	34780
23	36163	36270
24	39116	39243
28	41932	50379
30	57110	59686
31	63265	63428
32	65781	65854
33	66551	66834
36	70049	72228
37	75481	75643
39	77300	78847
40	83530	83621
48	83709	111648
50	113220	114521
51	117550	117751
53	118646	120177
57	121552	129406
60	131261	134787
61	136465	136569
63	136918	138834
65	141226	142007
69	142671	146313
71	146695	147943
72	149602	149714
73	156202	156298
74	156884	157252
75	160605	160781
79	162032	173601
82	174883	177000
86	179154	183708
87	184096	184256
88	185070	185122
89	188651	188711
97	189507	213677
99	214126	216178
100	217004	217056
101	218776	218886
102	219996	220112
107	222646	229966
109	230882	232596
111	234783	235534
115	236003	238256
116	238737	239418
118	240190	240858
121	243304	245064
122	245806	245960
126	246503	254258
129	255717	258268
131	259325	262551
132	264431	264527
133	264768	264843
134	265778	266407
135	267230	267320
136	268185	268512
139	269407	273324
141	274342	276979
142	278027	278401
143	279100	280052
146	281208	287627
147	288387	288524
148	289530	289872
149	290571	291545
150	292173	292443
151	294024	294362
152	294804	294919
154	296321	296993
156	301798	303076
157	303407	303718
158	309896	309969
160	310561	311597
161	312002	312364
163	312467	316949
164	317792	317899
167	319226	323919
168	324589	324800
171	328559	332724
172	333658	333748
178	334247	344889
180	345562	346080
184	347668	357014
186	357915	360472
187	365530	365651
191	367645	376758
192	379106	379292
194	380067	381962
195	383160	383282
197	383841	387976
198	388952	390962
200	392126	394353
202	395512	398248
204	398558	399052
209	400148	404058
213	404869	408331
215	409244	410520
216	411706	411830
220	416177	423560
223	424143	430352
224	431238	431535
227	432076	436384
228	437360	437538
230	440568	442274
232	443740	444525
233	445891	446038
234	450835	451293
243	453392	464075
247	466537	473524
249	474386	475205
251	475596	476290
252	477842	478004
253	478476	478590
254	479143	479313
255	479933	480477
258	484844	489333
264	490037	498237
266	499198	500785
267	502463	502699
269	503921	505826
271	506307	506509
273	507305	508098
276	510604	513624
278	514998	516648
282	518990	529355
287	531446	542484
290	545588	550749
291	552324	552440
293	553661	555254
294	555777	555883
297	556965	563070
299	563704	564037
306	565202	573959
309	574977	577822
310	578117	578406
312	578818	579473
315	579669	583902
317	584857	585369
318	586132	586313
319	592402	592550
322	594667	602638
323	603887	603993
324	604648	604740
328	606607	608681
329	609312	609476
332	611718	618606
334	621413	622776
338	623734	631611
340	632701	633969
341	635793	635938
342	636842	637049
345	637797	640661
347	641091	642779
348	643191	643419
349	644227	644339
350	645804	645853
352	651080	653805
355	655192	656777
357	657162	658473
358	659440	659647
359	660602	660859
360	661502	661601
361	661866	661974
362	663187	663324
363	668260	668518
365	674007	674792
367	675771	678074
369	678630	680945
370	682617	682699
371	683636	683752
372	685893	686061
373	686971	687219
374	688237	688565
375	691008	691096
376	692602	692753
378	694179	695652
379	696357	696735
380	698401	698796
384	702835	709422
385	709949	710157
386	710689	710827
387	711122	711260
390	712026	716168
392	719684	720278
398	728045	740297
400	741780	745945
401	746993	747143
402	751393	751451
403	752019	752407
407	753692	764375
415	765099	783104
416	784047	784159
418	784541	786065
419	786819	787019
420	791279	791538
423	793868	796835
425	797655	798844
429	799799	805220
430	806505	806655
431	807133	807190
434	808481	814961
438	815871	820764
440	823721	824224
442	829867	831690
445	832174	836887
446	837149	837412
447	840755	841018
449	841280	842477
450	844704	844963
451	846343	846480
452	847228	847630
453	848135	848432
455	849321	850236
457	851821	852174
459	852264	854046
461	854968	857018
462	858285	858435
463	859252	859396
465	862735	863602
468	865588	875932
471	877259	879076
473	879704	881198
475	882612	884168
476	884454	884538
478	886563	887198
480	889043	889718
484	889977	899066
485	899799	900088
486	902958	903174
488	903691	904962
489	910273	910404
490	913038	913180
491	914081	914574
493	915271	917350
495	918344	921588
497	921814	925106
498	925195	925447
499	925667	925950
500	930186	930307
505	931274	944153
508	944781	947882
510	948792	949562
511	950304	950494
512	953690	954094
520	955856	971844
524	972625	983741
525	984933	985116
526	986206	986807
527	988209	988376
529	989580	992499
534	996736	1005713
538	1006824	1015174
540	1017523	1018235
541	1019277	1019632
543	1020143	1020952
545	1023572	1025779
546	1026239	1026333
548	1026997	1027626
550	1029193	1029561
551	1029892	1029981
552	1030642	1030847
556	1030936	1041252
558	1048968	1050185
561	1050399	1051511
562	1052586	1052656
564	1055402	1056484
566	1057178	1061772
569	1062999	1066086
571	1066932	1067733
573	1073235	1074142
577	1078106	1085328
579	1091513	1093497
581	1094661	1096787
584	1096876	1100073
589	1102420	1107006
592	1108165	1113029
593	1113405	1113486
594	1114714	1114884
596	1115806	1117123
597	1118270	1118529
598	1119810	1119923
599	1120179	1120464
600	1120711	1120783
601	1121831	1121935
602	1122497	1122629
605	1124550	1128636
606	1129352	1129426
609	1130087	1140404
612	1143591	1145233
619	1145819	1158584
623	1160775	1167422
625	1168056	1168634
626	1169598	1169740
627	1173188	1173314
629	1174389	1179701
630	1180949	1181005
632	1184818	1186341
633	1187464	1187538
634	1189671	1189838
636	1194175	1196089
638	1197461	1198901
640	1200256	1200998
641	1201308	1201481
646	1202157	1207739
649	1208343	1210902
650	1211227	1211925
651	1212331	1212550
652	1213283	1213486
658	1214699	1221527
660	1222387	1223501
662	1225304	1226293
666	1226696	1228705
668	1229618	1231722
669	1232254	1232398
671	1233941	1234931
673	1236465	1239557
674	1241295	1241388
676	1242304	1243015
679	1243751	1244901
680	1246600	1246918
682	1250062	1252307
683	1255176	1255943
684	1257036	1257151
686	1257737	1258346
687	1260027	1260150
688	1261099	1261248
690	1262724	1268390
692	1268499	1268925
694	1269034	1269460
696	1269569	1269971
699	1271073	1272468
701	1272823	1274401
704	1276842	1286288
705	1286552	1286760
706	1286846	1287004
707	1287848	1287896
711	1288356	1291731
713	1292146	1294668
717	1297345	1304844
719	1306670	1307039
720	1308294	1308592
722	1308890	1309871
723	1310271	1310374
725	1311688	1312741
726	1313795	1313879
727	1314060	1314439
730	1321107	1325790
732	1327137	1328440
737	1328693	1336593
741	1337185	1341133
742	1341353	1341620
743	1342371	1342459
744	1342634	1342780
746	1344767	1345001
747	1346937	1347003
748	1348132	1348274
749	1349064	1349430
750	1355135	1355446
751	1355693	1355825
752	1357212	1357513
755	1358933	1364958
760	1365937	1380986
763	1381986	1386328
765	1386836	1387893
766	1388623	1388956
769	1389878	1392914
772	1393947	1395695
773	1396647	1396797
774	1397551	1397744
776	1402590	1403675
778	1403834	1404586
782	1405820	1409036
783	1411477	1411554
784	1411952	1412007
785	1415411	1415511
787	1416254	1417179
788	1417481	1417788
793	1418266	1425769
795	1426751	1431107
796	1431699	1432014
797	1432282	1433208
798	1433644	1433783
800	1434918	1435283
802	1438809	1439344
803	1439768	1439877
805	1440868	1444401
807	1445308	1447099
808	1449374	1449620
811	1451667	1463188
812	1463255	1465944
817	1467174	1480278
822	1480885	1489466
824	1489531	1489945
827	1490154	1492171
832	1493096	1497492
836	1498474	1502928
839	1504105	1506857
843	1507089	1515122
846	1515219	1515905
849	1516871	1518986
851	1521090	1522504
857	1524005	1531305
859	1531876	1532988
860	1533883	1533960
861	1542085	1542407
862	1542744	1544311
864	1545194	1550421
865	1550707	1550851
866	1551863	1551995
867	1553694	1553849
868	1553988	1554088
870	1554305	1555135
871	1561101	1561357
872	1565165	1565527
873	1566848	1566977
874	1568514	1568668
875	1570070	1570430
876	1577367	1577656
877	1578815	1578865
878	1580549	1580949
879	1581712	1581785
880	1581984	1582230
881	1584511	1584843
882	1585759	1585816
883	1586864	1588877
884	1590467	1596640
885	1598234	1598311
887	1599266	1606131
888	1607047	1607252
889	1608705	1608930
890	1609879	1609989
894	1612728	1616266
896	1616933	1618261
899	1619162	1620840
900	1620939	1620983
901	1621875	1622128
903	1622522	1623358
907	1625405	1627476
910	1628938	1632333
912	1633872	1635632
913	1635807	1635977
914	1636134	1636478
915	1636692	1637053
916	1638610	1639362
918	1639579	1640512
919	1642329	1642674
920	1642927	1643142
921	1643299	1643369
924	1643897	1645643
929	1645875	1650919
930	1653166	1653370
932	1653698	1654770
936	1655482	1664547
937	1665244	1665367
938	1666589	1666722
941	1667617	1670843
943	1671526	1672995
946	1675928	1679718
949	1680055	1683208
950	1684613	1684754
953	1686402	1689609
954	1694096	1694485
955	1695077	1695296
956	1696065	1696175
959	1697205	1701291
966	1702333	1713049
967	1713914	1713971
968	1715247	1715374
969	1716032	1716089
970	1716420	1716516
972	1717627	1718413
974	1718849	1722157
978	1723945	1731777
981	1732126	1734144
982	1735315	1735479
984	1735570	1736889
987	1737823	1740624
989	1741267	1742894
992	1744152	1746770
993	1752502	1752955
996	1753166	1755744
997	1756750	1756897
998	1762411	1762736
999	1762805	1762957
1000	1763147	1763245
1007	1766710	1776413
1009	1777326	1782757
1013	1785137	1787831
1014	1790045	1790290
1015	1793177	1793276
1016	1796967	1797249
1017	1797774	1797825
1018	1798024	1798119
1020	1800595	1803348
1024	1804108	1806720
1028	1807258	1810352
1029	1811157	1811444
1031	1811688	1814409
1032	1816525	1816628
1033	1819239	1819322
1034	1819644	1819941
1037	1820281	1822385
1038	1822962	1823163
1039	1823650	1823978
1043	1830007	1838806
1045	1839428	1839886
1047	1840160	1841854
1048	1842896	1843022
1049	1846033	1846148
1052	1846701	1850644
1053	1852004	1852119
1054	1852879	1853014
1055	1859357	1859725
1058	1860454	1862805
1059	1863661	1863749
1063	1864497	1872101
1065	1872207	1872778
1067	1873601	1875301
1069	1875557	1877030
1070	1877280	1877426
1071	1877973	1878144
1072	1878784	1878909
1075	1879834	1884887
1076	1886016	1886084
1077	1887771	1887974
1080	1891260	1892575
1084	1892756	1898052
1087	1899610	1904274
1088	1905085	1905249
1089	1905460	1905471
1090	1905616	1906284
1091	1906573	1906646
1093	1906791	1907331
1095	1908124	1909718
1096	1910601	1910791
1097	1913559	1913654
1102	1914153	1920336
1104	1920994	1921187
1105	1921309	1921388
1108	1922994	1924802
1109	1926864	1927071
1110	1927732	1928057
1112	1928772	1930138
1113	1932629	1932862
1116	1934339	1937245
1117	1938218	1938336
1119	1940608	1942369
1120	1944001	1944138
1122	1944205	1944878
1123	1946657	1946773
1126	1948547	1952601
1127	1956157	1956543
1130	1957871	1960603
1131	1964216	1964416
1132	1970716	1970859
1133	1975164	1975289
1134	1976222	1976541
1136	1977240	1978211
1137	1980412	1980577
1139	1984153	1985530
1140	1985783	1985896
1143	1985984	1987274
1145	1987515	1988977
1146	1989644	1989838
1147	1990142	1990292
1149	1993384	1994133
1150	1994857	1995085
1151	1997505	1997608
1152	1998410	1998496
1153	1999814	2000133
1156	2001631	2005700
1160	2006115	2010723
1164	2011039	2022658
1166	2022848	2023250
1168	2023338	2024346
1169	2026042	2026211
1170	2026395	2026472
1172	2027391	2028471
1175	2031509	2034817
1180	2036848	2041491
1186	2041582	2056050
1188	2057715	2057987
1189	2058939	2059039
1191	2059958	2060414
1192	2061348	2061411
1193	2063789	2064328
1194	2065346	2066975
1198	2068205	2077055
1199	2077386	2077556
1200	2078616	2078812
1201	2079287	2079404
1203	2080572	2082249
1204	2083550	2083727
1205	2085139	2085352
1206	2087153	2087234
1209	2087738	2095344
1210	2096326	2096470
1211	2097638	2097885
1212	2099293	2099918
1213	2100936	2101414
1214	2111086	2111457
1215	2112352	2112525
1216	2116429	2116703
1217	2127675	2127684
1218	2131422	2131513
1220	2135268	2137782
1221	2140240	2140330
1223	2140973	2144715
1225	2145565	2147062
1227	2149010	2149734
1229	2151153	2151372
1231	2151433	2151704
1235	2151762	2165325
1236	2165545	2166012
1239	2166331	2169856
1240	2170898	2170944
1241	2175227	2175533
1243	2176587	2180056
1244	2183324	2183545
1247	2183819	2185401
1248	2190245	2190536
1249	2190819	2191080
1254	2192191	2209747
1257	2212667	2213766
1258	2217504	2217713
1260	2220012	2221959
1261	2222893	2223065
1263	2223654	2224530
1265	2225293	2227459
1270	2228408	2234764
1271	2238371	2238649
1272	2239691	2239831
1274	2241675	2242799
1275	2244792	2245084
1276	2246555	2246758
1278	2247641	2250916
1279	2252168	2252266
1281	2253209	2254106
1282	2255358	2255450
1283	2257319	2257740
1285	2261518	2263062
1291	2263318	2275914
1292	2276260	2276591
1295	2278506	2280961
1297	2281970	2287086
1299	2288104	2289379
1302	2301520	2303129
1303	2304777	2304993
1304	2308428	2308500
1305	2309557	2309667
1308	2310772	2315048
1311	2317899	2325388
1312	2327820	2332357
1313	2334667	2334814
1315	2337443	2338438
1318	2342192	2346843
1319	2347495	2347956
1322	2350397	2356063
1323	2358175	2358230
1324	2360234	2360452
1325	2361656	2361754
1327	2362298	2363039
1329	2363643	2371293
1330	2371561	2371669
1331	2377282	2377369
1332	2378666	2378743
1335	2379566	2382016
1338	2383745	2385731
1341	2386449	2388069
1342	2391064	2391226
1343	2401868	2401972
1344	2403095	2403724
1347	2404664	2407541
1348	2409375	2409460
1349	2410617	2410698
1352	2411155	2416655
1353	2417811	2417862
1355	2418508	2420670
1356	2421562	2421757
1357	2424811	2425030
1358	2425814	2426078
1359	2428786	2429043
1360	2431949	2432103
1362	2435874	2436963
1363	2438143	2438406
1365	2439628	2441912
1367	2446463	2447249
1368	2450359	2453104
1369	2453669	2454348
1370	2454835	2455036
1371	2458492	2458671
1374	2458957	2462273
1378	2463030	2469098
1379	2469540	2470408
1384	2470904	2474715
1386	2475652	2478659
1388	2481362	2486044
1389	2487191	2487263
1390	2488209	2488277
1391	2491277	2491788
1393	2492425	2493071
1396	2493315	2495078
1398	2496318	2500011
1399	2506265	2506482
1402	2507449	2509489
1405	2510729	2513664
1406	2515855	2516062
1408	2516254	2517278
1410	2518695	2519614
1411	2520500	2520750
1413	2522901	2523951
1415	2524879	2525962
1416	2528199	2528268
1420	2529256	2534407
1423	2535260	2536693
1424	2537606	2537738
1425	2541551	2541853
1426	2542646	2542773
1428	2543632	2547667
1429	2548568	2548662
1430	2549239	2549298
1432	2550161	2552151
1439	2556702	2563502
1440	2566130	2566345
1441	2570073	2570178
1442	2573828	2574119
1444	2576400	2579755
1445	2580800	2580924
1448	2583548	2588828
1450	2588889	2591093
1451	2594760	2594926
1452	2595641	2595852
1455	2597783	2612841
1457	2613904	2616096
1458	2616799	2616892
1459	2618183	2618267
1462	2618895	2624716
1465	2626961	2628979
1467	2632093	2633620
1468	2633837	2633905
1469	2635379	2635495
1470	2638598	2638707
1471	2640867	2641150
1472	2642306	2642454
1473	2642887	2643034
1476	2650310	2652178
1477	2652956	2653096
1478	2654381	2654557
1479	2659554	2659664
1480	2660154	2660604
1484	2661346	2664728
1485	2665869	2666027
1488	2666919	2671837
1489	2677390	2677485
1491	2680768	2682275
1493	2683530	2685091
1494	2687529	2687692
1495	2689363	2689677
1497	2693566	2695375
1498	2695880	2695936
1500	2696573	2698138
1502	2698220	2698639
1503	2702086	2702356
1504	2705147	2705343
1506	2708035	2710048
1508	2710787	2712460
1510	2713343	2714087
1512	2714472	2715512
1516	2716551	2722469
1517	2723769	2724090
1518	2727207	2727390
1519	2727467	2727637
1520	2729180	2729621
1523	2734034	2736969
1526	2739173	2742204
1527	2744208	2744455
1529	2745818	2748136
1533	2748731	2752029
1537	2752787	2755665
1541	2756623	2759372
1542	2763176	2763534
1551	2763799	2776167
1552	2780749	2783783
1555	2783860	2794358
1557	2795051	2796112
1559	2796518	2797671
1566	2798017	2812239
1568	2812756	2812904
1569	2815526	2815805
1570	2815883	2816080
1571	2816297	2816494
1572	2816668	2816982
1573	2817169	2817402
1574	2820034	2820160
1575	2820662	2820729
1576	2822369	2822512
1579	2823599	2828796
1581	2830312	2833194
1582	2835448	2835599
1583	2836128	2836275
1585	2837290	2840594
1586	2847872	2847995
1588	2848458	2854474
1591	2854829	2858488
1595	2859257	2864580
1596	2866776	2866914
1597	2870843	2871035
1599	2874352	2876590
1600	2882161	2882574
1602	2885242	2885599
1605	2889921	2892940
1606	2895893	2895985
1607	2897441	2897509
1609	2898296	2902768
1612	2903441	2904664
1613	2907689	2907915
1614	2909362	2909438
1616	2913023	2916066
1617	2920123	2920556
1618	2922547	2922756
1622	2923303	2929886
1624	2931711	2938164
1626	2940590	2940939
1628	2941168	2943057
1629	2943865	2944102
1631	2945201	2945778
1633	2947033	2948656
1634	2956907	2957081
1635	2962200	2962382
1636	2964060	2964209
1641	2967000	2970690
1643	2974408	2975658
1645	2976922	2977964
1646	2978658	2978785
1647	2980205	2980518
1648	2982147	2982432
1652	2983615	2987840
1653	2987922	2987956
1657	2988383	2994393
1658	2995623	2997005
1660	2997914	3002029
1662	3003809	3010635
1666	3013080	3026545
1669	3028954	3031678
1671	3037766	3038437
1673	3039093	3040510
1674	3041171	3041333
1676	3041646	3043179
1677	3043924	3044189
1678	3048690	3049136
1681	3053467	3054911
1682	3054972	3055199
1683	3056433	3056687
1686	3057348	3064298
1687	3065196	3065361
1688	3066103	3066194
1689	3066831	3066968
1690	3067830	3068186
1691	3069267	3069480
1692	3071714	3071997
1693	3077353	3077665
1695	3079658	3080898
1696	3081820	3081956
1703	3084074	3092121
1705	3093103	3096579
1706	3097588	3097703
1707	3098751	3098925
1708	3099646	3099828
1712	3100875	3105041
1714	3107178	3108611
1715	3109149	3111088
1716	3111500	3111564
1717	3112375	3112571
1718	3117135	3117618
1719	3119302	3119655
1722	3126044	3129362
1723	3130431	3130475
1725	3131980	3132893
1726	3134394	3134684
1728	3136545	3137737
1729	3144284	3144471
1731	3144760	3146998
1733	3147494	3148839
1736	3150007	3152283
1740	3153241	3156948
1741	3159169	3159278
1742	3160692	3160765
1743	3161504	3161736
1744	3163996	3164132
1745	3165741	3165872
1746	3166567	3166770
1748	3167699	3169900
1750	3170234	3171525
1753	3175933	3179640
1755	3180430	3181834
1760	3182489	3189760
1762	3189962	3192744
1764	3192888	3193120
1767	3198988	3201331
1768	3202154	3202242
1770	3202612	3203345
1773	3204279	3207551
1777	3208566	3212988
1779	3213496	3213748
1781	3214514	3215577
1783	3217099	3218936
1788	3219270	3231749
1789	3232478	3232760
1792	3233898	3239214
1793	3239767	3239848
1802	3242764	3251339
1804	3252237	3253362
1805	3256033	3256306
1806	3264051	3264148
1810	3265088	3268237
1811	3269793	3269888
1814	3272930	3275877
1820	3276688	3290496
1822	3291358	3295119
1823	3296161	3296232
1825	3296869	3297493
1827	3297938	3298276
1829	3299299	3302594
1830	3303840	3303992
1831	3305956	3306061
1832	3306947	3307054
1834	3309191	3309436
1835	3309707	3309854
1836	3311201	3311363
1837	3316029	3316234
1839	3316312	3318009
1840	3319636	3320093
1841	3320528	3320754
1842	3322934	3323022
1843	3324958	3325056
1845	3325687	3326260
1847	3326738	3328603
1848	3330758	3330883
1851	3331474	3333256
1852	3334826	3334984
1856	3338088	3347102
1858	3348482	3348710
1862	3352073	3363723
1865	3364741	3367035
1866	3370597	3370704
1867	3371599	3371719
1869	3372512	3374300
1870	3375443	3375836
1871	3376674	3376891
1874	3378020	3381351
1877	3382291	3383878
1878	3384152	3384242
1880	3387360	3388604
1881	3390051	3390479
1882	3394281	3394347
1883	3399110	3399413
1890	3401355	3410824
1894	3411488	3421444
1895	3424806	3424979
1897	3426785	3427787
1900	3431583	3436452
1901	3436672	3436726
1902	3437532	3437637
1903	3440494	3440639
1904	3446172	3446335
1905	3451293	3451529
1907	3453421	3464270
1908	3464748	3464818
1909	3465014	3465181
1910	3467876	3468166
1911	3472575	3472699
1912	3474463	3474628
1914	3475442	3475928
1915	3476520	3476613
1918	3479184	3483435
1920	3483841	3486981
1921	3488203	3488287
1922	3489643	3489746
1929	3490320	3502956
1930	3508999	3509081
1931	3510367	3510655
1932	3513936	3514041
1933	3515329	3515419
1934	3517087	3517486
1936	3520774	3523610
1938	3524172	3528736
1940	3530462	3532537
1945	3534607	3542095
1948	3542867	3546007
1950	3550496	3553854
1952	3556102	3557869
1954	3559847	3562156
1955	3571526	3571797
1957	3572902	3573743
1958	3575616	3575753
1959	3576750	3576972
1960	3577669	3577790
1966	3579040	3583103
1968	3584847	3585392
1969	3590349	3590746
1971	3595584	3596577
1972	3597682	3597951
1973	3598807	3599050
1975	3602267	3603273
1978	3603634	3606773
1980	3607020	3608538
1985	3609757	3623701
1986	3628626	3628990
1988	3630614	3634230
1990	3635434	3637407
1993	3637744	3640402
1995	3643206	3645727
1997	3645857	3650204
2000	3651222	3653277
2001	3653926	3653988
2002	3654316	3654430
2006	3654764	3661912
2008	3662642	3663008
2009	3663834	3664202
2010	3665604	3665813
2012	3667212	3669314
2016	3669918	3674312
2017	3676374	3676442
2019	3677211	3678466
2020	3679964	3680183
2021	3681471	3681652
2022	3683642	3683722
2023	3693260	3694019
2025	3694209	3698002
2028	3698111	3699886
2029	3703814	3704120
2030	3705729	3706638
2031	3708499	3708821
2032	3710031	3710258
2034	3710958	3712083
2037	3714418	3716356
2040	3717068	3718470
2042	3718624	3720350
2043	3723342	3723435
2045	3723736	3724946
2046	3725385	3725429
2047	3725772	3725939
2048	3727395	3727465
2051	3728789	3734375
2054	3735201	3739131
2055	3739606	3739706
2058	3740556	3749150
2060	3749892	3750985
2061	3752452	3752995
2062	3754535	3754698
2063	3755851	3756039
2064	3759273	3759369
2067	3759979	3768265
2070	3769768	3774193
2074	3774404	3779763
2075	3782466	3782606
2077	3783039	3787069
2078	3788105	3788342
2079	3790575	3790848
2081	3791707	3796261
2082	3797336	3797367
2083	3800023	3800061
2085	3806122	3808365
2086	3809176	3809272
2087	3809698	3809913
2090	3810583	3813149
2091	3813792	3813885
2095	3814573	3817510
2098	3819194	3825482
2101	3826689	3830241
2105	3833953	3837197
2107	3838017	3838571
2108	3839763	3839972
2110	3841813	3843798
2111	3845191	3845327
2112	3848750	3848824
2115	3851281	3853136
2117	3854331	3854933
2120	3858140	3862634
2121	3864297	3864491
2122	3864921	3865031
2124	3865446	3866084
2126	3867333	3868460
2127	3869754	3869872
2129	3873184	3874162
2130	3874976	3875089
2131	3875489	3875727
2139	3881753	3893294
2141	3894633	3896693
2142	3900244	3900311
2143	3903621	3903753
2144	3904591	3904875
2145	3906390	3906571
2146	3909549	3909861
2147	3911692	3911852
2148	3913224	3913575
2149	3918912	3918972
2150	3920464	3921079
2151	3923657	3924034
2152	3924479	3924567
2154	3925027	3926174
2158	3929117	3937207
2161	3939351	3945150
2163	3945991	3946471
2166	3947993	3954949
2168	3955844	3957554
2170	3957837	3960767
2171	3962253	3962387
2176	3963654	3982374
2178	3984031	3984708
2180	3988790	3991761
2183	3992083	3998314
2185	3999080	4000441
2186	4000823	4000835
2187	4001217	4001310
2190	4002721	4006461
2192	4007083	4009885
2194	4010840	4013376
2199	4014193	4022355
2201	4022845	4025631
2205	4028995	4038928
2208	4040023	4043692
2210	4044626	4048155
2213	4048789	4051669
2214	4051781	4051891
2215	4054363	4054647
2219	4056058	4061625
2220	4062319	4062385
2221	4067300	4067497
2222	4068425	4068537
2228	4071595	4078321
2231	4083846	4086129
2232	4090847	4091146
2233	4092296	4092745
2236	4095472	4097513
2240	4098549	4101624
2246	4103694	4108762
2247	4109531	4109637
2250	4110238	4111748
2251	4112496	4112591
2252	4113603	4113736
2254	4116114	4116867
2255	4117354	4117445
2256	4118373	4118438
2257	4120311	4120402
2258	4121363	4121453
2259	4122480	4122634
2261	4124834	4125308
2262	4125918	4126100
2267	4126419	4135062
2268	4135681	4135954
2270	4140245	4145488
2271	4146341	4146554
2272	4148289	4148469
2273	4151122	4151718
2275	4152871	4156307
2277	4156418	4157412
2279	4158814	4160192
2285	4161294	4172098
2293	4173050	4188349
2294	4188511	4188757
2295	4194123	4194354
2298	4194832	4199285
2300	4199712	4202664
2303	4205556	4211702
2307	4212147	4218323
2308	4220511	4220826
2311	4221652	4227475
2313	4228166	4229381
2314	4229655	4229906
2317	4231257	4237799
2319	4238079	4238801
2320	4240278	4240648
2321	4243099	4243251
2325	4244443	4252065
2329	4254490	4257510
2334	4258027	4261270
2337	4262255	4266831
2340	4267036	4269071
2342	4271895	4272782
2344	4273065	4275082
2346	4275407	4275949
2349	4276090	4279805
2350	4281099	4281275
2351	4283237	4283435
2354	4285395	4294458
2355	4295149	4295241
2356	4297390	4297586
2357	4302133	4302150
2358	4302427	4302634
2359	4304621	4304892
2360	4309004	4309129
2363	4311015	4312366
2364	4320446	4321358
2365	4323189	4323320
2366	4323765	4324421
2369	4324758	4330203
2370	4333614	4333716
2371	4335055	4335190
2372	4335953	4336276
2373	4338545	4338742
2376	4339652	4342951
2377	4343582	4343702
2378	4345350	4345426
2379	4346768	4347337
2382	4349686	4351222
2383	4352741	4352976
2384	4354435	4354492
2385	4356641	4356719
2386	4358055	4358418
2387	4359958	4360573
2388	4363380	4363494
2389	4364797	4364913
2391	4366351	4367178
2394	4368436	4371387
2395	4372258	4372651
2400	4373681	4375211
2403	4380342	4384069
2404	4388384	4388479
2408	4389533	4390950
2419	4392091	4414039
2420	4414316	4414463
2422	4414794	4415720
2423	4416477	4416583
2425	4417649	4422538
2427	4422815	4424650
2428	4425446	4426101
2431	4426741	4429343
2432	4430007	4430113
2433	4431080	4431186
2435	4432048	4432644
2438	4434589	4436730
2440	4437286	4437894
2441	4439239	4439560
2444	4440200	4447144
2447	4447676	4452633
2449	4453633	4455336
2451	4455889	4457922
2452	4458388	4458544
2453	4460684	4461076
2454	4464204	4464321
2457	4465270	4468549
2458	4468937	4469008
2459	4470419	4470421
2460	4470557	4470836
2461	4471233	4471362
2465	4472077	4475329
2467	4476335	4477056
2469	4477561	4479004
2470	4482304	4482462
2472	4483975	4486583
2474	4492430	4493212
2478	4494233	4500125
2481	4501455	4505488
2482	4506641	4508712
2483	4514701	4514786
2485	4516259	4517360
2486	4518348	4518693
2487	4520044	4520149
2488	4523827	4524128
2490	4526004	4526133
2491	4529675	4530459
2492	4531207	4531261
2493	4532077	4534636
2498	4537525	4547975
2501	4549320	4553512
2503	4554344	4555400
2505	4558704	4559519
2506	4560699	4560765
2507	4561627	4561944
2508	4563874	4563988
2509	4566543	4568184
2511	4569598	4574934
2512	4577361	4577521
2514	4577864	4578090
2515	4581072	4581271
2517	4584785	4585931
2519	4589303	4591383
2520	4592746	4592959
2522	4593875	4595172
2523	4597465	4597717
2524	4599541	4599646
2527	4600882	4602897
2529	4603687	4604101
2530	4604425	4604691
2534	4605724	4612702
2538	4615089	4621123
2540	4622813	4626877
2543	4628546	4631255
2545	4631769	4632463
2547	4633334	4637612
