190
337
2801
3734
5234
5683
6529
8238
9306
9928
10643
11382
12163
14168
15445
16751
16751
16952
17489
18715
19811
20233
20815
21181
21407
22391
25207
25826
26277
27293
28374
29651
30817
34300
34781
35377
36271
37898
39244
40417
42403
43188
44180
45463
45807
47246
47769
49823
50380
51229
51609
52427
53416
54755
57364
59687
60358
63429
65855
66835
68348
70387
71351
72229
72911
74497
75644
77367
77388
77621
78848
79464
80867
81958
83622
84368
85630
87357
88028
89634
90094
91032
91413
93166
94650
96002
97087
98403
99644
100765
102233
103155
103982
105305
106557
107705
108279
111044
111649
111856
112599
113444
114522
115714
117109
117752
118733
119281
120178
122092
123017
125695
127912
129407
131615
134388
134788
135598
136570
137083
138835
141431
142008
142779
143702
144577
145081
146314
146968
147944
148807
149715
151003
151626
152243
152829
155461
156299
157253
157729
159186
160149
160782
161501
162105
164730
167484
169778
170575
171462
173602
175107
176610
177001
177662
178455
179237
180884
182463
183709
184257
185123
185978
188712
189712
189874
190857
191855
192872
193521
194903
195677
196546
197928
200482
200971
202101
202560
203348
204493
205126
208621
209679
211877
212331
213678
213925
214291
214833
215269
216179
217057
218887
219591
220113
220968
221614
222833
223771
225381
225500
225759
228756
228928
229167
229967
231122
231926
232597
234027
234816
235535
236067
236931
237335
238257
239419
240343
240859
243543
244327
245065
245961
246242
246712
247637
250898
252005
252301
252709
254259
255977
256527
257829
258269
259612
260727
262095
262552
262914
263250
263480
263972
264528
264844
265334
266408
267321
268513
269827
271804
273325
274549
275939
276980
278402
278824
280053
281481
282425
284619
286013
287628
288525
289873
290295
291546
292444
293169
294363
294920
296430
296994
297960
300155
301108
302215
303077
303719
304398
306031
308582
309308
309970
311336
311598
311738
312365
314515
314811
316950
317555
317900
319451
320832
321562
322982
323920
324801
326485
327971
328687
331595
332725
333749
334504
335149
336002
337549
339389
340349
342108
343400
344628
344890
345708
346081
347906
349236
350439
351930
354146
355395
357015
358023
358713
359216
360473
361150
362455
365652
366811
367835
369501
370448
371339
372145
373092
374683
375996
376759
377686
378830
379293
380575
380898
381963
383283
384456
385431
386195
387019
387977
390963
391826
393730
394354
395863
397096
398249
398817
399053
400610
400971
402505
402927
404059
404988
405629
406203
406652
407401
408332
409368
410521
411831
414974
416366
417113
418815
420210
421739
423561
424235
425361
426511
426871
428729
429829
430353
431536
432226
432679
433871
434361
434858
435813
436385
437539
439426
440325
440773
442275
442828
443907
444526
446039
446941
447270
447874
449887
451294
452813
453696
454357
455901
456650
458112
460675
461139
463161
463626
464076
464836
466636
467607
468095
469860
471822
472190
473525
474603
475206
475672
475896
476291
478005
478591
479314
479558
480478
483650
484985
485760
489334
489509
490106
490636
491316
493300
493629
494344
496399
497279
498238
499349
500786
502700
504138
505827
506428
506510
507442
508099
510865
511800
513217
513625
514080
515143
515807
516649
517564
518363
518957
519640
522485
526805
529356
530519
531675
532235
533140
534934
535810
536857
538371
539789
541112
542485
543281
544538
545904
548850
549662
550750
551814
552441
553166
553834
555255
555884
556098
557435
558197
558920
561559
562553
563071
563946
564038
566065
566361
567538
568125
570116
570677
571591
571689
572144
572307
572594
572953
573179
573960
576621
576836
577330
577550
577823
578407
579103
579474
580057
582904
583903
585280
585370
586314
587205
590164
592551
593983
594823
596354
596702
597937
601182
602639
603994
604741
605174
605488
606957
607059
607288
608682
609477
612038
613165
613380
617477
618607
619419
620408
621523
622777
624108
625293
626917
627774
628523
629117
631405
631612
632809
633970
634572
635939
637050
638168
638976
640662
641311
642780
643420
644340
645854
646707
647262
648805
649710
650021
651458
653085
653806
655780
656515
656778
658170
658474
659648
660860
661602
661975
663325
664424
665539
667471
667942
668519
669154
669797
670828
671424
674241
674793
675934
676638
678075
678731
679435
680946
682700
683753
684478
685152
686062
687220
688566
690129
691097
691561
692754
694324
695653
695765
695887
695979
696088
696186
696280
696736
698797
699597
700826
702034
703167
705316
707557
709013
709423
709862
710158
710828
711261
712210
712781
714635
716169
717485
719806
720279
720953
723630
724211
726282
727955
728357
728806
732999
734873
737315
738224
738730
740298
742050
742816
743466
744388
745158
745946
747144
748202
748945
751452
752408
754400
754783
755130
756912
757929
760745
762237
763403
764376
765207
767201
770681
772265
773419
773532
773975
774376
775072
775565
776963
778290
778821
779777
779988
780066
780291
780370
780592
780800
781308
782389
783105
784160
784856
786066
787020
788054
789206
790262
791539
793079
793996
794312
795085
795777
796836
797809
798845
799982
801110
802726
805221
806656
807191
808567
809604
810745
811493
812749
814962
816267
817278
817793
818271
818518
819107
820016
820765
821721
822959
823853
824225
825342
826468
828197
829195
830095
831691
832293
834471
835574
836888
837413
837753
838472
841019
841555
842478
844964
845683
846481
847631
848433
849673
850237
851894
852175
852406
852870
854047
855186
857019
858436
859397
861835
862865
863603
864352
865791
866743
868634
870190
871113
872202
874558
875933
877471
877965
879077
879950
881199
882015
882896
884169
884539
885354
886646
887199
887357
889312
889719
890136
890407
891190
892180
893007
894214
895357
896307
897212
897741
899067
900089
900757
901480
902229
903175
903816
904136
904963
906075
907516
908554
910405
911385
913181
914575
915696
917351
918458
919570
921589
922136
922487
925107
925448
925951
926697
928419
930308
931818
932447
936595
937217
938651
940182
942637
943256
944154
945094
946452
947883
948891
949563
950495
952832
954095
955985
956876
958035
959487
960424
961218
963051
963543
965844
967589
968612
969896
970075
970975
971845
972760
973542
974845
975549
980270
982298
982873
983742
985117
986808
988377
989845
992500
993264
994066
995208
996160
997091
997713
998439
1001030
1002112
1002662
1003170
1003991
1005175
1005714
1007067
1009187
1011224
1012482
1014119
1014938
1015175
1015762
1017708
1018236
1019633
1020361
1020953
1023125
1023694
1025780
1026334
1027169
1027627
1028002
1029287
1029562
1029982
1030848
1031362
1032477
1034289
1034993
1035577
1035972
1036963
1038519
1039668
1039840
1041253
1043453
1043887
1045072
1047168
1047911
1048662
1049056
1049250
1050186
1050684
1051070
1051290
1051512
1052657
1055484
1056485
1057307
1058479
1061022
1061773
1062078
1063259
1064808
1066087
1066335
1067304
1067734
1069083
1069588
1070188
1070996
1071394
1072086
1073465
1074143
1078528
1081466
1082599
1084215
1085329
1085744
1087062
1089089
1092099
1093498
1094361
1095066
1096788
1097109
1098102
1098863
1099519
1100074
1100934
1101375
1101769
1103174
1103670
1104184
1104637
1105043
1105578
1107007
1108558
1110086
1112802
1113030
1113487
1114885
1116030
1117124
1117703
1118530
1118691
1119924
1120465
1120784
1121936
1122630
1123341
1124785
1125380
1126029
1127062
1128637
1129058
1129427
1130241
1130661
1131077
1131797
1133025
1133952
1134787
1135497
1136594
1137601
1139256
1140405
1143725
1144163
1145234
1145812
1146017
1146590
1146844
1147982
1148951
1149893
1150838
1151162
1152523
1153335
1154347
1154985
1156000
1157092
1158585
1161108
1161470
1161861
1162483
1163318
1164366
1165308
1166822
1167423
1168296
1168635
1169741
1173315
1174650
1175842
1176543
1177816
1178854
1179702
1180487
1181006
1182049
1182840
1183681
1185067
1186342
1187539
1188999
1189839
1191213
1191890
1193050
1193521
1194346
1196090
1196756
1197918
1198902
1200010
1200720
1200999
1201482
1202247
1202491
1203045
1204772
1206136
1206724
1207355
1207740
1208908
1209569
1210903
1211926
1212551
1213487
1215012
1215291
1215592
1215971
1216551
1218206
1221528
1221867
1222213
1222487
1223502
1223772
1224608
1225823
1226294
1226937
1227302
1228038
1228706
1229990
1230409
1231723
1232399
1234161
1234932
1236794
1238102
1239558
1241389
1242403
1243016
1243951
1244383
1244902
1246919
1248348
1248991
1250289
1252308
1255944
1257152
1258014
1258347
1260151
1261249
1262100
1262937
1264235
1265317
1266147
1266543
1267388
1268391
1268546
1268926
1269081
1269461
1269616
1269972
1271342
1271730
1272469
1273007
1274402
1275045
1277180
1279087
1282827
1284362
1285072
1286289
1286310
1286467
1286761
1287005
1287897
1288468
1289465
1290680
1291732
1292750
1294669
1297821
1299206
1300923
1301858
1302778
1303788
1304845
1305209
1306812
1307040
1308593
1309113
1309872
1310375
1310944
1312044
1312742
1313294
1313880
1314440
1315246
1316451
1317813
1319408
1321062
1321244
1322122
1322770
1324876
1325791
1326378
1327356
1328441
1329072
1331879
1333184
1333315
1333855
1336594
1337354
1338267
1338582
1339945
1340682
1341134
1341621
1342460
1342781
1344820
1345002
1347004
1348275
1349431
1349852
1350660
1351652
1352529
1353491
1355447
1355826
1357514
1359144
1359935
1360767
1362256
1363574
1364959
1366103
1366825
1367049
1367417
1367713
1368240
1369933
1371246
1372114
1372987
1374058
1374856
1375908
1378172
1379971
1380987
1382141
1383535
1384744
1386329
1386954
1387894
1388957
1390015
1391251
1392915
1394100
1395389
1395696
1396798
1397745
1398271
1399834
1401279
1402765
1403676
1404003
1404587
1406074
1407153
1407535
1409037
1410024
1411261
1411555
1411757
1412008
1412810
1415512
1415862
1416032
1416695
1417180
1417346
1417789
1418389
1418708
1419143
1420007
1421424
1421806
1423401
1425770
1427073
1430435
1431108
1432015
1433209
1433784
1435145
1435284
1439082
1439345
1439878
1441075
1443711
1443904
1444402
1445543
1447100
1449621
1451951
1452892
1453188
1453949
1454454
1455521
1456288
1457078
1458495
1458917
1460149
1461563
1462495
1463189
1465945
1466808
1467382
1472245
1473168
1475645
1476250
1477162
1478933
1480279
1481085
1485259
1486256
1488926
1489467
1489701
1489946
1489986
1490143
1490494
1492172
1493312
1494880
1496675
1496962
1497493
1498597
1499586
1500481
1501741
1502929
1504196
1504805
1506858
1507310
1507532
1508027
1509678
1510841
1511855
1512786
1513602
1515123
1515413
1515672
1515906
1516352
1517051
1518286
1518987
1521331
1522505
1524271
1524964
1527946
1529840
1531076
1531306
1532048
1532989
1533961
1534638
1535333
1536874
1540696
1542408
1544312
1545425
1548485
1549362
1550422
1550852
1551996
1553850
1554089
1554649
1555136
1556055
1557038
1557931
1558955
1560519
1561358
1563782
1565528
1566978
1568669
1570431
1573271
1575681
1577657
1578866
1580950
1581786
1582231
1584844
1585817
1586333
1588878
1590200
1596641
1598312
1599514
1601043
1602071
1603075
1604124
1605023
1605370
1606132
1607253
1608931
1609990
1610349
1611339
1612828
1613787
1615052
1616267
1617144
1617598
1618013
1618262
1619356
1620670
1620841
1620984
1622129
1622797
1623359
1625541
1626376
1627239
1627477
1631063
1631646
1632334
1632909
1634780
1635071
1635633
1635978
1636479
1637054
1637104
1637548
1638078
1638394
1639363
1639879
1640513
1641279
1642675
1643143
1643370
1643657
1643921
1644429
1645644
1645958
1646532
1646689
1646847
1647406
1647633
1647818
1650920
1651951
1653371
1653832
1654208
1654771
1655589
1656093
1658580
1661014
1661633
1662530
1663339
1664548
1665368
1666723
1667723
1669400
1669801
1669984
1670844
1671160
1671937
1672996
1674395
1676451
1677581
1679000
1679719
1680183
1680906
1682283
1683209
1684755
1686600
1687876
1689610
1690914
1692284
1694486
1695297
1696176
1697379
1698981
1700257
1701292
1702575
1702973
1703274
1703791
1704372
1704943
1707166
1708228
1708852
1709547
1710793
1712401
1713050
1713972
1715375
1716090
1716517
1717900
1718414
1719049
1719288
1720145
1722158
1722760
1723705
1724047
1724683
1725861
1726371
1727111
1731778
1732459
1733402
1734145
1735480
1735868
1736890
1737935
1739437
1740625
1741481
1742895
1744459
1744540
1744724
1745155
1746771
1747587
1748369
1749101
1749752
1751875
1752956
1753722
1755445
1755745
1756898
1757327
1758544
1759790
1760546
1762042
1762737
1762958
1763246
1763653
1767098
1768396
1768639
1769095
1770536
1771813
1772710
1773611
1775220
1776414
1777641
1778425
1779419
1780705
1781055
1782758
1785469
1786459
1787637
1787832
1789331
1790291
1790833
1791582
1792196
1793277
1793581
1795983
1797250
1797417
1797826
1798120
1798666
1803189
1803349
1804394
1805424
1805820
1806721
1807404
1808235
1808958
1810353
1811445
1811891
1814410
1815172
1816629
1817479
1817880
1819323
1819942
1820482
1821539
1822386
1823164
1823979
1824940
1826280
1827755
1828786
1830452
1831425
1832140
1832832
1833539
1834097
1835236
1836771
1837491
1838807
1839514
1839887
1840395
1841855
1843023
1844989
1846149
1846861
1848884
1849911
1850645
1852120
1853015
1854005
1854957
1855814
1856874
1858280
1859726
1860040
1860795
1861874
1862806
1863750
1864932
1866979
1868409
1870065
1871598
1872102
1872376
1872779
1873697
1874933
1875302
1875739
1876797
1876898
1877031
1877427
1877613
1878145
1878910
1879936
1881212
1882689
1883869
1884888
1886085
1887975
1888596
1889349
1891391
1892157
1892576
1892829
1894194
1894956
1896451
1898053
1900072
1901106
1901910
1902825
1903712
1904275
1905250
1905472
1906285
1906647
1906949
1907332
1908300
1909719
1910792
1912860
1913655
1914282
1915534
1918247
1919804
1920145
1920337
1921090
1921188
1921389
1921743
1922619
1923132
1923464
1924144
1924803
1927072
1928058
1928481
1928905
1930139
1930817
1932863
1934676
1935673
1937246
1938337
1939675
1940686
1941438
1942370
1943389
1944139
1944275
1944879
1945435
1946204
1946774
1948856
1949419
1950290
1950726
1951466
1952602
1955056
1956544
1957304
1958086
1959996
1960604
1960996
1963067
1964417
1965072
1965476
1966528
1967407
1969054
1970860
1971384
1973353
1974276
1975290
1975871
1976542
1976964
1977777
1978212
1979611
1980578
1981579
1983163
1984949
1985531
1985897
1986246
1986740
1987275
1987705
1988978
1989839
1989938
1990066
1990293
1990898
1992727
1993842
1994134
1995086
1995835
1996518
1997609
1998497
1999094
2000134
2001896
2003327
2003737
2004180
2005701
2006301
2007503
2007845
2008624
2010724
2011253
2012904
2013892
2014578
2015970
2016410
2017642
2018111
2019112
2019528
2019893
2020640
2020917
2021992
2022659
2023010
2023251
2023535
2024347
2026212
2026473
2027563
2028472
2028923
2030408
2031143
2031673
2033859
2034818
2036176
2036980
2037502
2038507
2039399
2040392
2041492
2041675
2042573
2042962
2051667
2053085
2054882
2056051
2056227
2057875
2057988
2059040
2060284
2060415
2061412
2062503
2063243
2064329
2066976
2067839
2069339
2069563
2072803
2074332
2074841
2075136
2075593
2077056
2077557
2078813
2079405
2080780
2082250
2082491
2083728
2085076
2085353
2086328
2087235
2087486
2088020
2088216
2089121
2090422
2091492
2092559
2093149
2093868
2094638
2095345
2096471
2097886
2099919
2101415
2102518
2103089
2104084
2105250
2106361
2107605
2108162
2109101
2110000
2111458
2112526
2113931
2115148
2116704
2118184
2119633
2121108
2122547
2123767
2124249
2125217
2126364
2126928
2127685
2128877
2130091
2130582
2131514
2133679
2134128
2135926
2137783
2139658
2140331
2141290
2144716
2145698
2147063
2149209
2149735
2150493
2151333
2151373
2151668
2151705
2152040
2153287
2156410
2159488
2160900
2162300
2163213
2163692
2165138
2165326
2166013
2166736
2168260
2168556
2169857
2170945
2172304
2172619
2173081
2174372
2175534
2176843
2178117
2179118
2180057
2180855
2181738
2182535
2183546
2183939
2184982
2185402
2186452
2188948
2189702
2190537
2191081
2192322
2198301
2201994
2202618
2203717
2205989
2209247
2209748
2210265
2210981
2212888
2213679
2213767
2214503
2215422
2216586
2217714
2220207
2221960
2223066
2223823
2224531
2227004
2227460
2228646
2229041
2229866
2230900
2231622
2232055
2233287
2234765
2235791
2237372
2238650
2239832
2241006
2241932
2242800
2245085
2246759
2247739
2248862
2249722
2250917
2252267
2253377
2254107
2255451
2256377
2257741
2259449
2260387
2261885
2263063
2263472
2264267
2265851
2266876
2268001
2268748
2270386
2272201
2273295
2274322
2275915
2276592
2277810
2278654
2280539
2280962
2282151
2282398
2284233
2287087
2288522
2289380
2290429
2290983
2292923
2293399
2293605
2294384
2295043
2295679
2296291
2296737
2297587
2298289
2300772
2301025
2301628
2301927
2303130
2304994
2306713
2307363
2308501
2309668
2311106
2311510
2314199
2315049
2318065
2319888
2321469
2322131
2322778
2324131
2325389
2326170
2332358
2332978
2334815
2337589
2338439
2342887
2345406
2346536
2346844
2347957
2349038
2350669
2352287
2353543
2354926
2355838
2356064
2356885
2358231
2359451
2360453
2361755
2362576
2363040
2363950
2365093
2366061
2368040
2368930
2370579
2370914
2371294
2371670
2373022
2373984
2374856
2375611
2377370
2378744
2379104
2379630
2380735
2382017
2383882
2384956
2385732
2386657
2387135
2388070
2389534
2391227
2393065
2393364
2393930
2394487
2395461
2398240
2399574
2400077
2401973
2402651
2403725
2405583
2406884
2407542
2409461
2410122
2410699
2411492
2412769
2415103
2416656
2417256
2417863
2418643
2419347
2419730
2420671
2421758
2422539
2423252
2424028
2425031
2426079
2426743
2428297
2429044
2429696
2431034
2432104
2432846
2433658
2434737
2435972
2436964
2438407
2439786
2441913
2442225
2442773
2443582
2444410
2445530
2446628
2447250
2448073
2448609
2449094
2449606
2453105
2454349
2455037
2457181
2458672
2459328
2461034
2462274
2463323
2464331
2464567
2465877
2466236
2467153
2469099
2470409
2471626
2472054
2473006
2473533
2473895
2474332
2474606
2474716
2475869
2477224
2478660
2480198
2481777
2482396
2486045
2487264
2488278
2490026
2491789
2492720
2493072
2493667
2494943
2495079
2496693
2498405
2499152
2500012
2502532
2503569
2504669
2505938
2506483
2507652
2509023
2509490
2511064
2512353
2513665
2516063
2516178
2516489
2516835
2517279
2518953
2519073
2519195
2519275
2519615
2520751
2522067
2523149
2523952
2524968
2525963
2526183
2528269
2529485
2530431
2531786
2532088
2533856
2534408
2535364
2535771
2536694
2537739
2538826
2539701
2540534
2541854
2542774
2543795
2544695
2546124
2547668
2548663
2549299
2549735
2550374
2551247
2552152
2553250
2553763
2554432
2555340
2556880
2558279
2559390
2559647
2560133
2560546
2561614
2562002
2562545
2563503
2564903
2566346
2567523
2568370
2569785
2570179
2570511
2571524
2572324
2573000
2573492
2574120
2576688
2577658
2579756
2580925
2581568
2583753
2585617
2588829
2589269
2589629
2590784
2591094
2591866
2593896
2594927
2595853
2596904
2597928
2598500
2599223
2599840
2601869
2602833
2604284
2604939
2606509
2608186
2608728
2609479
2609922
2611956
2612842
2614116
2615600
2616097
2616893
2618268
2619219
2620256
2621066
2623137
2624717
2627312
2627814
2628348
2628980
2630626
2632254
2633621
2633906
2635496
2636685
2637323
2638708
2639853
2641151
2642455
2643035
2645348
2650516
2651877
2652179
2653097
2654558
2654770
2655107
2656974
2657585
2657925
2658339
2659665
2660605
2661464
2662412
2663457
2664729
2666028
2667054
2668412
2668930
2669247
2670069
2671368
2671838
2672722
2673849
2674872
2676406
2677486
2680885
2682276
2683857
2685092
2685491
2686815
2687693
2689179
2689678
2693823
2695376
2695937
2696781
2697685
2698139
2698542
2698640
2699020
2699763
2700503
2701405
2702357
2703347
2705344
2705820
2706776
2707459
2708442
2710049
2710918
2712461
2713445
2714088
2714776
2715513
2716757
2717245
2717975
2720749
2722150
2722470
2724091
2724303
2727391
2727638
2729622
2732175
2732325
2733053
2734168
2735176
2735621
2735767
2736970
2738102
2739382
2739897
2740405
2741647
2742205
2742594
2743392
2743959
2744456
2745984
2746796
2748137
2748853
2749817
2751627
2752030
2752310
2752918
2753615
2754181
2755666
2756666
2757007
2758569
2759373
2761559
2763535
2763940
2765006
2765732
2766687
2767725
2768467
2768703
2769170
2771340
2773941
2774408
2774899
2775137
2775475
2775994
2776168
2783784
2787007
2788004
2789295
2790757
2792275
2793696
2794359
2794892
2795233
2795542
2796113
2797186
2797672
2798156
2798745
2798987
2799370
2801524
2802837
2804032
2805154
2807639
2808366
2808792
2809449
2810638
2812240
2812824
2812905
2814534
2814959
2815806
2816081
2816220
2816495
2816575
2816983
2817403
2820161
2820730
2821871
2822513
2823854
2824414
2825384
2825759
2826643
2827069
2827835
2828797
2830498
2831934
2833195
2835600
2836276
2837546
2839012
2840595
2841058
2841465
2842232
2842784
2844511
2845437
2847260
2847996
2848669
2849023
2849886
2850158
2851276
2852360
2854475
2855115
2857782
2858489
2859452
2860357
2861615
2862258
2863123
2864581
2865636
2866915
2867535
2868277
2869323
2869802
2870531
2871036
2871409
2872014
2873443
2874603
2876591
2876877
2877810
2878396
2879073
2880177
2880652
2882575
2885376
2885600
2886409
2888121
2890236
2890679
2891941
2892218
2892941
2893798
2894555
2895986
2897510
2898614
2899918
2902769
2903579
2903733
2904665
2906051
2907916
2908778
2909113
2909439
2911721
2913079
2916067
2917428
2918770
2920557
2921024
2921806
2922178
2922757
2923370
2924330
2926251
2927598
2929077
2929887
2931063
2932257
2933606
2935460
2936910
2937390
2938165
2939258
2939672
2940718
2940940
2941359
2942564
2943058
2944103
2945409
2945519
2945629
2945779
2947264
2948657
2950483
2954018
2957082
2960463
2960771
2961175
2961729
2962383
2963184
2964210
2966469
2967684
2968442
2969293
2969619
2970691
2971877
2974124
2974326
2974621
2975659
2977043
2977965
2978786
2980519
2981310
2982433
2983869
2985558
2986524
2987326
2987841
2987957
2989290
2990116
2991660
2994394
2995257
2997006
2997158
2998367
3000636
3001511
3002030
3004284
3005532
3006786
3008050
3009483
3010636
3012309
3013182
3014082
3017183
3018562
3019338
3022373
3023788
3025143
3026546
3027034
3029389
3030839
3031087
3031679
3033206
3034395
3036134
3036869
3037877
3038438
3038826
3039335
3040511
3041334
3041684
3043180
3044190
3047182
3047595
3049137
3050362
3051537
3052888
3053634
3054005
3054263
3054871
3054912
3055200
3056688
3057775
3058872
3061009
3062015
3062824
3064299
3065362
3066195
3066969
3068187
3069481
3070694
3071998
3072708
3073239
3074201
3075493
3076909
3077666
3079935
3080899
3081957
3083942
3084209
3084728
3086306
3087777
3088369
3089156
3089900
3090959
3091522
3092122
3093120
3093842
3094405
3094703
3095289
3096580
3097704
3098926
3099829
3100155
3101035
3102115
3102455
3103736
3105042
3107575
3108388
3108612
3111089
3111565
3112572
3117619
3119656
3121849
3122258
3123492
3124544
3126294
3128200
3129363
3130476
3131266
3132153
3132894
3134685
3136749
3137738
3137999
3138333
3138814
3139308
3141008
3142176
3143165
3144472
3145919
3146999
3147684
3148840
3149272
3150258
3151585
3152284
3153377
3154645
3155672
3156649
3156949
3159279
3160766
3161737
3164133
3165873
3166270
3166771
3167306
3167850
3168506
3169901
3170552
3171164
3171526
3173447
3174028
3174880
3175303
3176137
3177766
3178443
3179641
3180572
3181835
3182862
3183436
3184209
3184532
3187903
3188654
3189761
3190230
3190886
3192745
3192788
3193121
3193163
3193342
3194823
3197686
3199229
3199913
3201332
3202243
3202716
3203346
3204485
3205393
3206046
3207552
3208803
3209129
3211069
3212989
3213620
3213749
3214801
3215578
3217516
3218937
3219488
3220655
3223744
3224256
3225823
3226910
3229687
3231750
3232163
3232761
3233982
3234562
3235333
3236602
3237966
3239215
3239849
3241351
3243126
3244674
3245795
3246461
3246991
3247397
3247705
3248099
3248584
3249046
3250326
3250933
3251340
3252341
3253065
3253363
3254701
3256307
3257743
3258146
3260474
3261708
3263061
3264149
3265402
3265876
3266437
3268238
3268647
3269889
3270809
3271595
3273304
3275024
3275359
3275878
3276936
3278239
3279998
3281165
3282192
3282707
3283500
3284292
3285448
3286112
3286836
3289363
3290497
3291422
3293416
3293831
3294431
3295120
3296233
3296996
3297494
3297988
3298277
3298774
3299507
3300511
3301470
3302595
3303993
3305875
3306062
3307055
3309247
3309437
3309855
3310799
3311364
3314061
3315576
3316235
3316659
3318010
3320094
3320195
3320755
3322085
3323023
3325057
3325812
3326261
3326985
3328604
3329792
3330884
3331162
3331732
3332931
3333257
3334571
3334985
3335278
3335932
3336488
3337278
3338297
3339288
3340295
3340858
3341402
3341966
3342739
3344195
3344600
3345137
3345988
3346474
3347103
3347828
3348599
3348711
3351143
3352747
3357220
3359198
3360134
3360829
3363724
3364948
3365849
3367036
3367497
3368369
3369106
3370705
3371720
3372891
3374301
3374804
3375837
3376245
3376892
3378213
3378765
3380222
3381352
3382725
3383560
3383879
3384243
3386216
3387156
3387542
3388605
3390480
3394348
3395807
3396409
3396897
3398066
3399414
3401506
3403458
3403939
3405397
3405629
3407092
3408302
3409293
3409675
3410643
3410825
3411886
3413055
3416412
3418156
3419347
3420458
3421445
3421602
3421690
3421902
3424980
3425098
3425243
3427258
3427788
3428042
3428865
3429442
3430013
3430458
3431712
3432236
3433229
3434540
3436046
3436453
3436727
3437163
3437638
3438062
3439077
3439731
3440137
3440640
3440788
3442127
3442565
3442748
3443266
3443629
3444175
3444601
3444921
3445475
3445800
3446336
3446590
3446781
3447204
3447923
3448270
3448565
3449404
3449703
3450319
3450981
3451530
3451951
3453600
3454399
3456361
3457839
3459045
3459490
3459996
3460366
3460946
3461944
3463104
3463565
3464271
3464819
3465182
3468167
3469422
3471564
3472200
3472700
3472995
3473354
3473740
3474629
3475662
3475929
3476614
3476824
3478629
3479311
3481224
3482240
3482512
3483436
3484142
3484813
3486982
3488288
3488883
3489475
3489747
3490590
3492033
3494573
3495025
3495850
3497470
3497932
3499290
3500362
3501189
3502074
3502957
3504054
3505370
3505734
3506609
3507835
3509082
3509461
3510656
3511653
3512404
3513099
3514042
3515420
3516565
3517487
3518637
3519031
3519455
3519994
3520893
3523611
3524491
3526691
3527370
3527796
3528737
3530840
3532538
3533887
3534834
3535407
3538185
3538429
3540750
3541189
3542096
3542904
3543646
3544581
3546008
3548102
3551107
3553855
3554875
3556290
3557870
3558645
3559520
3560036
3562157
3564623
3566056
3567369
3569339
3571798
3573094
3573744
3575088
3575754
3576973
3577791
3578950
3579161
3579886
3581506
3581700
3582427
3582782
3583104
3584966
3585393
3586133
3587205
3588047
3589032
3590747
3591462
3592226
3593500
3594474
3596007
3596578
3597952
3599051
3600102
3600773
3602416
3603002
3603274
3603774
3604474
3606774
3607240
3607978
3608539
3609888
3610992
3611690
3613264
3614205
3615038
3615799
3616611
3617215
3621422
3622401
3623702
3624826
3627558
3628991
3632864
3634231
3635665
3637408
3638134
3638885
3640403
3641163
3643408
3644322
3645728
3646551
3646958
3648260
3650205
3651984
3652706
3653278
3653989
3654431
3655018
3656389
3657255
3658437
3661913
3662887
3663009
3664203
3665814
3667615
3669315
3670437
3671385
3672809
3674313
3676443
3677442
3678467
3680184
3681653
3683723
3687178
3688291
3690641
3694020
3694481
3696049
3696237
3698003
3698159
3698586
3699887
3700888
3701882
3702794
3704121
3706639
3706807
3708822
3710259
3711115
3711675
3712084
3714570
3715333
3716357
3717501
3718072
3718471
3718703
3719221
3720099
3720351
3722430
3723436
3723910
3724947
3725430
3725940
3727466
3729154
3730224
3731743
3733002
3734376
3735520
3737728
3739132
3739707
3740756
3741766
3742351
3742827
3744117
3745107
3746600
3747255
3748109
3749151
3750015
3750986
3752128
3752996
3754699
3756040
3757881
3759370
3760206
3764360
3766200
3768266
3769405
3770304
3772447
3773595
3774194
3774688
3775422
3777077
3777850
3779238
3779764
3780665
3781684
3782214
3782607
3783283
3784861
3786124
3787070
3788343
3789378
3790849
3792010
3792952
3794002
3794971
3796262
3797368
3798290
3799006
3800062
3801081
3802204
3803176
3803966
3805087
3806563
3807848
3808366
3809273
3809461
3809914
3810754
3811955
3812517
3813150
3813886
3814699
3815783
3816897
3817511
3819451
3820129
3820423
3822538
3823233
3825483
3826968
3828480
3830242
3832570
3834245
3834976
3836271
3837198
3838238
3838572
3839973
3840478
3841987
3843799
3845328
3846657
3848159
3848825
3849119
3850913
3851141
3851576
3851945
3853137
3853631
3853983
3854438
3854934
3856424
3858306
3861922
3862635
3864492
3865032
3865751
3866085
3867400
3868461
3869873
3871018
3871619
3872494
3873461
3874163
3875090
3875728
3878171
3879244
3880349
3882359
3882516
3882839
3883099
3884851
3886458
3886753
3888259
3889638
3890788
3891904
3892675
3893295
3894797
3895529
3896045
3896694
3897431
3898627
3900312
3901743
3903754
3904876
3905616
3906572
3907462
3908508
3909862
3911853
3913576
3914016
3915425
3916339
3917893
3918441
3918973
3919259
3920083
3921080
3921767
3924035
3924568
3925178
3926175
3927620
3929339
3931374
3931801
3933311
3934301
3935317
3936250
3937208
3938658
3939831
3941458
3941727
3944723
3944895
3944980
3945151
3946109
3946472
3948345
3948530
3950224
3950507
3951501
3953354
3954950
3955993
3957555
3958700
3960768
3962388
3963784
3964440
3965939
3967054
3968156
3969283
3970545
3971631
3972490
3973169
3974301
3975548
3976624
3977979
3978910
3980398
3980532
3980629
3980758
3980981
3982375
3984455
3984709
3985908
3987111
3987848
3989176
3991762
3992545
3992785
3993606
3994310
3995206
3996006
3998315
3999449
4000442
4000836
4001311
4002253
4002885
4003887
4005780
4006462
4007193
4008223
4009099
4009886
4011076
4013377
4014454
4015356
4016878
4017647
4018249
4019968
4020241
4020759
4021577
4022356
4023011
4024550
4025632
4026805
4029184
4030515
4031168
4032631
4033554
4035164
4035283
4035542
4038540
4038929
4039438
4040092
4040438
4041441
4042222
4043693
4044989
4047922
4048156
4049059
4049370
4050068
4051670
4051892
4053313
4054648
4056430
4058470
4059188
4060270
4061626
4062386
4063832
4065263
4067498
4068538
4069796
4070698
4071762
4072692
4073576
4074169
4075038
4075472
4077320
4077774
4078322
4079248
4079880
4080795
4084039
4085025
4086130
4087878
4088938
4090400
4091147
4091471
4092746
4094002
4095759
4096669
4097514
4098833
4099713
4100845
4101625
4102995
4103843
4104492
4105575
4106857
4107953
4108763
4109638
4110338
4110990
4111316
4111749
4112592
4113737
4115268
4116538
4116868
4117446
4118439
4119780
4120403
4121454
4122635
4125036
4125309
4126101
4126695
4127858
4130639
4131858
4134131
4135063
4135955
4137069
4137743
4140553
4141647
4142018
4144281
4145161
4145489
4146555
4148470
4151719
4153024
4154036
4154873
4156308
4156513
4157413
4159147
4159794
4160193
4161662
4163451
4164682
4166395
4166664
4169660
4170080
4171105
4172099
4173411
4173495
4173696
4173777
4173967
4175381
4175766
4176470
4176902
4178019
4178583
4179268
4183373
4187809
4188350
4188758
4189888
4190660
4190844
4191592
4192227
4194355
4194926
4195739
4196813
4197527
4198304
4198589
4199286
4199949
4201343
4202665
4203966
4206170
4207797
4208066
4211063
4211257
4211703
4212303
4213501
4215132
4216619
4218324
4220827
4221851
4225754
4227476
4228377
4229382
4229907
4231781
4233929
4234285
4234920
4235657
4237800
4238348
4238802
4240649
4241554
4243252
4244807
4245994
4247577
4250529
4251039
4252066
4254660
4255138
4255765
4257260
4257511
4258344
4258622
4259737
4260863
4261271
4262337
4263805
4265137
4266832
4267437
4268261
4268681
4269072
4272148
4272783
4273494
4275083
4275492
4275950
4276502
4278003
4279806
4281276
4282922
4283436
4285787
4287268
4287831
4288499
4289535
4291186
4291566
4292504
4294459
4295242
4297587
4299050
4301101
4302151
4302635
4304893
4305806
4306512
4307471
4309130
4310124
4311373
4311891
4312367
4313127
4313548
4314105
4315238
4316029
4316784
4317622
4318686
4319267
4319720
4321359
4322400
4323321
4324422
4325158
4327383
4328525
4330204
4331305
4331970
4333717
4335191
4336277
4338743
4339934
4341404
4342952
4343703
4345427
4347338
4348054
4349866
4350108
4350607
4350931
4351223
4352977
4354493
4356720
4358419
4360574
4360756
4361368
4363041
4363495
4364914
4366687
4367179
4368711
4369048
4370832
4371388
4372652
4373722
4374340
4374576
4374898
4375212
4375834
4377030
4377400
4377806
4378533
4380666
4381862
4383416
4383727
4384070
4387415
4388480
4389627
4390383
4390495
4390606
4390915
4390951
4392089
4393608
4394088
4395435
4397275
4398311
4398695
4400061
4401323
4402409
4402710
4404213
4404677
4407298
4408156
4408576
4409325
4410002
4410410
4411051
4412298
4414040
4414464
4414975
4415721
4416584
4418003
4419416
4419731
4420209
4420869
4421723
4422539
4423141
4423543
4423862
4424131
4424651
4426102
4426958
4427887
4429344
4430114
4431187
4432136
4432645
4434778
4435730
4436731
4437610
4437895
4439561
4440405
4442135
4445917
4446470
4446715
4447145
4447985
4449081
4450594
4451606
4452634
4453808
4455337
4455982
4457923
4458545
4461077
4462782
4464322
4465454
4465648
4468550
4469009
4469483
4470422
4470837
4471363
4472147
4472885
4473460
4475330
4476496
4477057
4477753
4479005
4481860
4482463
4484241
4485341
4486584
4488164
4489229
4490610
4491398
4492646
4493213
4494428
4496295
4496618
4499283
4500126
4502081
4503310
4504471
4505489
4508713
4509481
4510434
4511429
4512376
4514787
4515737
4516550
4517361
4518694
4520150
4522128
4523038
4524129
4524928
4525572
4526000
4526134
4526953
4528278
4528553
4530460
4531262
4531819
4534637
4535682
4536808
4538980
4540060
4541138
4541751
4542327
4543119
4545765
4546308
4546831
4547976
4549659
4550924
4552599
4553513
4555016
4555401
4556377
4557562
4558020
4558953
4559520
4560766
4561945
4562722
4563989
4565310
4568185
4569774
4574935
4575981
4577522
4577858
4578091
4579482
4581272
4584972
4585932
4586899
4587152
4589680
4591384
4592960
4594013
4595173
4597718
4598261
4599001
4599647
4600111
4601500
4602333
4602898
4603827
4604102
4604223
4604338
4604692
4605826
4606208
4606669
4607437
4609419
4610151
4610434
4611504
4612703
4613538
4615346
4616252
4617626
4618906
4619792
4621124
4622168
4622918
4623935
4625338
4626878
4628756
4630783
4631256
4631820
4632464
4633544
4634030
4634719
4636201
4637613
4638425
4638965
