4638330	5682
6460	6528
7960	9927
10495	10642
11357	11381
11787	16750
16961	16750
16904	19810
20315	20232
20509	20814
21079	34780
35372	35376
36163	36270
37825	37897
39116	39243
40387	40416
41932	50379
51223	51228
51607	51608
52431	52426
53417	53415
54703	54754
57110	59686
60347	60357
63265	63428
65781	65854
66551	66834
68338	68347
70049	72228
72928	72910
74522	74496
75481	75643
77300	78847
79454	79463
80865	80866
81959	81957
83530	83621
83709	111648
111847	111855
112600	112598
113220	114521
115725	115713
117100	117108
117550	117751
118646	120177
121552	129406
131261	134787
135583	135597
136465	136569
136918	138834
141226	142007
142671	146313
146695	147943
148796	148806
149602	149714
150954	151002
151600	151625
152232	152242
152813	152828
155427	155460
156202	156298
156884	157252
157733	157728
159127	159185
160113	160148
160605	160781
161487	161500
162032	173601
174883	177000
177625	177661
178463	178454
179154	183708
184096	184256
185070	185122
185948	185977
188651	188711
189507	213677
213933	213924
214126	216178
217004	217056
218776	218886
219595	219590
219996	220112
220929	220967
221622	221613
222646	229966
230882	232596
233956	234026
234783	235534
236003	238256
238737	239418
240190	240858
243304	245064
245806	245960
246240	246241
246503	254258
255717	258268
259325	262551
262894	262913
263232	263249
263472	263479
263957	263971
264431	264527
264768	264843
265312	265333
265778	266407
267230	267320
268185	268512
269407	273324
274342	276979
278027	278401
278906	278823
279100	280052
281208	287627
288387	288524
289530	289872
290377	290294
290571	291545
292173	292443
293143	293168
294024	294362
294804	294919
296321	296993
297951	297959
300159	300154
301112	301107
301798	303076
303407	303718
304430	304397
306042	306030
308557	308581
309251	309307
309896	309969
310561	311597
311739	311737
312002	312364
312467	316949
317544	317554
317792	317899
319226	323919
324589	324800
326472	326484
327958	327970
328559	332724
333658	333748
334247	344889
345562	346080
347668	357014
357915	360472
361085	361149
362404	362454
365530	365651
366735	366810
367645	376758
377593	377685
378796	378829
379106	379292
380067	381962
383160	383282
383841	387976
388952	390962
391830	391825
392126	394353
395512	398248
398558	399052
400148	404058
404869	408331
409244	410520
411706	411830
414978	414973
416177	423560
424143	430352
431238	431535
432076	436384
437360	437538
439402	439425
440326	440324
440568	442274
442866	442827
443740	444525
445891	446038
446930	446940
447271	447269
447885	447873
449866	449886
450835	451293
452770	452812
453392	464075
464772	464835
466537	473524
474386	475205
475596	476290
477842	478004
478476	478590
479143	479313
479533	479557
479933	480477
483628	483649
484844	489333
489496	489508
490037	498237
499198	500785
502463	502699
503921	505826
506307	506509
507305	508098
510604	513624
514084	514079
514998	516648
517504	517563
518374	518362
518990	529355
530451	530518
531446	542484
543271	543280
544517	544537
545588	550749
551818	551813
552324	552440
553164	553165
553661	555254
555777	555883
556097	556097
556965	563070
563704	564037
565202	573959
574977	577822
578117	578406
578818	579473
579669	583902
584857	585369
586132	586313
587205	587204
590178	590163
592402	592550
593994	593982
594667	602638
603887	603993
604648	604740
605110	605173
605423	605487
606607	608681
609312	609476
611718	618606
619423	619418
620412	620407
621413	622776
623734	631611
632701	633969
634600	634571
635793	635938
636842	637049
637797	640661
641091	642779
643191	643419
644227	644339
645804	645853
646733	646706
647259	647261
648795	648804
649714	649709
650007	650020
651080	653805
655192	656777
657162	658473
659440	659647
660602	660859
661502	661601
661866	661974
663187	663324
664414	664423
665537	665538
667441	667470
667939	667941
668260	668518
669131	669153
669796	669796
670829	670827
671410	671423
674007	674792
675771	678074
678630	680945
682617	682699
683636	683752
684479	684477
685153	685151
685893	686061
686971	687219
688237	688565
690105	690128
691008	691096
691565	691560
692602	692753
694179	695652
695728	695764
695840	695886
695964	695978
696054	696087
696163	696185
696271	696279
696357	696735
698401	698796
699550	699596
700818	700825
701975	702033
702835	709422
709870	709861
709949	710157
710689	710827
711122	711260
712026	716168
717489	717484
719684	720278
720957	720952
723638	723629
724203	724210
726260	726281
727956	727954
728045	740297
741780	745945
746993	747143
748206	748201
748931	748944
751393	751451
752019	752407
753692	764375
765099	783104
784047	784159
784541	786065
786819	787019
788061	788053
789203	789205
790253	790261
791279	791538
793012	793078
793868	796835
797655	798844
799799	805220
806505	806655
807133	807190
808481	814961
815871	820764
821722	821720
822963	822958
823721	824224
825332	825341
826476	826467
828205	828196
829196	829194
829867	831690
832174	836887
837149	837412
837680	837752
838431	838471
840755	841018
841280	842477
844704	844963
845687	845682
846343	846480
847228	847630
848135	848432
849321	850236
851821	852174
852264	854046
854968	857018
858285	858435
859252	859396
861830	861834
862735	863602
864353	864351
865588	875932
877259	879076
879704	881198
881958	882014
882612	884168
884454	884538
885355	885353
886563	887198
887278	887356
889043	889718
889977	899066
899799	900088
900758	900756
901474	901479
902212	902228
902958	903174
903691	904962
905977	906074
907506	907515
908518	908553
910273	910404
911374	911384
913038	913180
914081	914574
915271	917350
918344	921588
921814	925106
925195	925447
925667	925950
926656	926696
928419	928418
930186	930307
931274	944153
944781	947882
948792	949562
950304	950494
952778	952831
953690	954094
955856	971844
972625	983741
984933	985116
986206	986807
988209	988376
989580	992499
993268	993263
994056	994065
995212	995207
996168	996159
996736	1005713
1006824	1015174
1015694	1015761
1017523	1018235
1019277	1019632
1020143	1020952
1023107	1023124
1023572	1025779
1026239	1026333
1026997	1027626
1027945	1028001
1029193	1029561
1029892	1029981
1030642	1030847
1030936	1041252
1043434	1043452
1043900	1043886
1045027	1045071
1047169	1047167
1047915	1047910
1048556	1048661
1048968	1050185
1050399	1051511
1052586	1052656
1055402	1056484
1057178	1061772
1062079	1062077
1062999	1066086
1066315	1066334
1066932	1067733
1069063	1069082
1069578	1069587
1070179	1070187
1070989	1070995
1071383	1071393
1072087	1072085
1073235	1074142
1078106	1085328
1085743	1085743
1087070	1087061
1089081	1089088
1091513	1093497
1094365	1094360
1094661	1096787
1096876	1100073
1100908	1100933
1101351	1101374
1101765	1101768
1102420	1107006
1108165	1113029
1113405	1113486
1114714	1114884
1115806	1117123
1117700	1117702
1118270	1118529
1118671	1118690
1119810	1119923
1120179	1120464
1120711	1120783
1121831	1121935
1122497	1122629
1123278	1123340
1124550	1128636
1129054	1129057
1129352	1129426
1130087	1140404
1143591	1145233
1145819	1158584
1160775	1167422
1168056	1168634
1169598	1169740
1173188	1173314
1174389	1179701
1180491	1180486
1180949	1181005
1182053	1182048
1182844	1182839
1183668	1183680
1184818	1186341
1187464	1187538
1189000	1188998
1189671	1189838
1191210	1191212
1191855	1191889
1192997	1193049
1193512	1193520
1194175	1196089
1196756	1196755
1197461	1198901
1200030	1200009
1200256	1200998
1201308	1201481
1202157	1207739
1208343	1210902
1211227	1211925
1212331	1212550
1213283	1213486
1214699	1221527
1221858	1221866
1222212	1222212
1222387	1223501
1223769	1223771
1224585	1224607
1225304	1226293
1226696	1228705
1229618	1231722
1232254	1232398
1233941	1234931
1236465	1239557
1241295	1241388
1242304	1243015
1243751	1244901
1246600	1246918
1248338	1248347
1248981	1248990
1250062	1252307
1255176	1255943
1257036	1257151
1257737	1258346
1260027	1260150
1261099	1261248
1262101	1262099
1262724	1268390
1268499	1268925
1269034	1269460
1269569	1269971
1271073	1272468
1272823	1274401
1275053	1275044
1276842	1286288
1286460	1286309
1286400	1286466
1286552	1286760
1286846	1287004
1287848	1287896
1288356	1291731
1292146	1294668
1297345	1304844
1305175	1305208
1306670	1307039
1308294	1308592
1308890	1309871
1310271	1310374
1310915	1310943
1311688	1312741
1313249	1313293
1313795	1313879
1314060	1314439
1315247	1315245
1316440	1316450
1317810	1317812
1319409	1319407
1320971	1321061
1321107	1325790
1326382	1326377
1327137	1328440
1328693	1336593
1337185	1341133
1341353	1341620
1342371	1342459
1342634	1342780
1344767	1345001
1346937	1347003
1348132	1348274
1349064	1349430
1349785	1349851
1350659	1350659
1351653	1351651
1352543	1352528
1353495	1353490
1355135	1355446
1355693	1355825
1357212	1357513
1358933	1364958
1365937	1380986
1381986	1386328
1386836	1387893
1388623	1388956
1389878	1392914
1393947	1395695
1396647	1396797
1397551	1397744
1398261	1398270
1399798	1399833
1401280	1401278
1402590	1403675
1403834	1404586
1405820	1409036
1409973	1410023
1411260	1411260
1411477	1411554
1411765	1411756
1411952	1412007
1412818	1412809
1415411	1415511
1415788	1415861
1416033	1416031
1416254	1417179
1417336	1417345
1417481	1417788
1418266	1425769
1426751	1431107
1431699	1432014
1432282	1433208
1433644	1433783
1434918	1435283
1438809	1439344
1439768	1439877
1440868	1444401
1445308	1447099
1449374	1449620
1451667	1463188
1463255	1465944
1466851	1466807
1467174	1480278
1480885	1489466
1489531	1489945
1490096	1489985
1490154	1492171
1493096	1497492
1498474	1502928
1504105	1506857
1507089	1515122
1515219	1515905
1516356	1516351
1516871	1518986
1521090	1522504
1524005	1531305
1531876	1532988
1533883	1533960
1534642	1534637
1535334	1535332
1536878	1536873
1540615	1540695
1542085	1542407
1542744	1544311
1545194	1550421
1550707	1550851
1551863	1551995
1553694	1553849
1553988	1554088
1554305	1555135
1556063	1556054
1557042	1557037
1557935	1557930
1558954	1558954
1560506	1560518
1561101	1561357
1563758	1563781
1565165	1565527
1566848	1566977
1568514	1568668
1570070	1570430
1573227	1573270
1575644	1575680
1577367	1577656
1578815	1578865
1580549	1580949
1581712	1581785
1581984	1582230
1584511	1584843
1585759	1585816
1586321	1586332
1586864	1588877
1590201	1590199
1590467	1596640
1598234	1598311
1599266	1606131
1607047	1607252
1608705	1608930
1609879	1609989
1610350	1610348
1611276	1611338
1612728	1616266
1616933	1618261
1619162	1620840
1620939	1620983
1621875	1622128
1622522	1623358
1625405	1627476
1628938	1632333
1632910	1632908
1633872	1635632
1635807	1635977
1636134	1636478
1636692	1637053
1637552	1637103
1637359	1637547
1638082	1638077
1638390	1638393
1638610	1639362
1639579	1640512
1641266	1641278
1642329	1642674
1642927	1643142
1643299	1643369
1643658	1643656
1643897	1645643
1645875	1650919
1651940	1651950
1653166	1653370
1653698	1654770
1655482	1664547
1665244	1665367
1666589	1666722
1667617	1670843
1671174	1671159
1671526	1672995
1674385	1674394
1675928	1679718
1680055	1683208
1684613	1684754
1686402	1689609
1690876	1690913
1692288	1692283
1694096	1694485
1695077	1695296
1696065	1696175
1697205	1701291
1702333	1713049
1713914	1713971
1715247	1715374
1716032	1716089
1716420	1716516
1717627	1718413
1718849	1722157
1722680	1722759
1723657	1723704
1723945	1731777
1732126	1734144
1735315	1735479
1735570	1736889
1737823	1740624
1741267	1742894
1744152	1746770
1747584	1747586
1748373	1748368
1749038	1749100
1749749	1749751
1751855	1751874
1752502	1752955
1753166	1755744
1756750	1756897
1757315	1757326
1758548	1758543
1759816	1759789
1760537	1760545
1762034	1762041
1762411	1762736
1762805	1762957
1763147	1763245
1763657	1763652
1766710	1776413
1777326	1782757
1785137	1787831
1789269	1789330
1790045	1790290
1790756	1790832
1791583	1791581
1792134	1792195
1793177	1793276
1793577	1793580
1795969	1795982
1796967	1797249
1797295	1797416
1797774	1797825
1798024	1798119
1798663	1798665
1800595	1803348
1804108	1806720
1807258	1810352
1811157	1811444
1811688	1814409
1815160	1815171
1816525	1816628
1817472	1817478
1817830	1817879
1819239	1819322
1819644	1819941
1820281	1822385
1822962	1823163
1823650	1823978
1824948	1824939
1826284	1826279
1827759	1827754
1828790	1828785
1830007	1838806
1839428	1839886
1840160	1841854
1842896	1843022
1844985	1844988
1846033	1846148
1846701	1850644
1852004	1852119
1852879	1853014
1853996	1854004
1854953	1854956
1855794	1855813
1856858	1856873
1858254	1858279
1859357	1859725
1859999	1860039
1860454	1862805
1863661	1863749
1864497	1872101
1872207	1872778
1873601	1875301
1875557	1877030
1877280	1877426
1877610	1877612
1877973	1878144
1878784	1878909
1879834	1884887
1886016	1886084
1887771	1887974
1888557	1888595
1889292	1889348
1891260	1892575
1892756	1898052
1899610	1904274
1905085	1905249
1905460	1905471
1905616	1906284
1906573	1906646
1906791	1907331
1908124	1909718
1910601	1910791
1912841	1912859
1913559	1913654
1914153	1920336
1920994	1921187
1921309	1921388
1921731	1921742
1922616	1922618
1922994	1924802
1926864	1927071
1927732	1928057
1928415	1928480
1928772	1930138
1930781	1930816
1932629	1932862
1934339	1937245
1938218	1938336
1939660	1939674
1940608	1942369
1943381	1943388
1944001	1944138
1944205	1944878
1945401	1945434
1946176	1946203
1946657	1946773
1948547	1952601
1955032	1955055
1956157	1956543
1957291	1957303
1957871	1960603
1960997	1960995
1963075	1963066
1964216	1964416
1965062	1965071
1965462	1965475
1966526	1966527
1967389	1967406
1969009	1969053
1970716	1970859
1971364	1971383
1973349	1973352
1974280	1974275
1975164	1975289
1975869	1975870
1976222	1976541
1977046	1976963
1977240	1978211
1979637	1979610
1980412	1980577
1981565	1981578
1983094	1983162
1984153	1985530
1985783	1985896
1985984	1987274
1987515	1988977
1989644	1989838
1989926	1989937
1990012	1990065
1990142	1990292
1990842	1990897
1992731	1992726
1993384	1994133
1994857	1995085
1995839	1995834
1996504	1996517
1997505	1997608
1998410	1998496
1999049	1999093
1999814	2000133
2001631	2005700
2006115	2010723
2011039	2022658
2022848	2023250
2023338	2024346
2026042	2026211
2026395	2026472
2027391	2028471
2028943	2028922
2030342	2030407
2031104	2031142
2031509	2034817
2036177	2036175
2036848	2041491
2041582	2056050
2056127	2056226
2057715	2057987
2058939	2059039
2059958	2060414
2061348	2061411
2062492	2062502
2063247	2063242
2063789	2064328
2065346	2066975
2067882	2067838
2068205	2077055
2077386	2077556
2078616	2078812
2079287	2079404
2080572	2082249
2082478	2082490
2083550	2083727
2085087	2085075
2085139	2085352
2086283	2086327
2087153	2087234
2087490	2087485
2087738	2095344
2096326	2096470
2097638	2097885
2099293	2099918
2100936	2101414
2102534	2102517
2103109	2103088
2104082	2104083
2105251	2105249
2106354	2106360
2107609	2107604
2108163	2108161
2109044	2109100
2110001	2109999
2111086	2111457
2112352	2112525
2113921	2113930
2115152	2115147
2116429	2116703
2118183	2118183
2119579	2119632
2121004	2121107
2122545	2122546
2123771	2123766
2124247	2124248
2125215	2125216
2126339	2126363
2126913	2126927
2127675	2127684
2128903	2128876
2130095	2130090
2130580	2130581
2131422	2131513
2133677	2133678
2134123	2134127
2135268	2137782
2139637	2139657
2140240	2140330
2140973	2144715
2145565	2147062
2149010	2149734
2150497	2150492
2151153	2151372
2151433	2151704
2151762	2165325
2165545	2166012
2166331	2169856
2170898	2170944
2172301	2172303
2172589	2172618
2173072	2173080
2174344	2174371
2175227	2175533
2176587	2180056
2180804	2180854
2181674	2181737
2182539	2182534
2183324	2183545
2183819	2185401
2186437	2186451
2188933	2188947
2189668	2189701
2190245	2190536
2190819	2191080
2192191	2209747
2210219	2210264
2210985	2210980
2212667	2213766
2214499	2214502
2215430	2215421
2216580	2216585
2217504	2217713
2220012	2221959
2222893	2223065
2223654	2224530
2225293	2227459
2228408	2234764
2235776	2235790
2237312	2237371
2238371	2238649
2239691	2239831
2240990	2241005
2241675	2242799
2244792	2245084
2246555	2246758
2247641	2250916
2252168	2252266
2253209	2254106
2255358	2255450
2256390	2256376
2257319	2257740
2259433	2259448
2260388	2260386
2261518	2263062
2263318	2275914
2276260	2276591
2277783	2277809
2278506	2280961
2281970	2287086
2288104	2289379
2290433	2290428
2290987	2290982
2292927	2292922
2293403	2293398
2293609	2293604
2294343	2294383
2295047	2295042
2295667	2295678
2296282	2296290
2296741	2296736
2297601	2297586
2298283	2298288
2300776	2300771
2301036	2301024
2301520	2303129
2304777	2304993
2306638	2306712
2307364	2307362
2308428	2308500
2309557	2309667
2310772	2315048
2317899	2325388
2326166	2326169
2327820	2332357
2332982	2332977
2334667	2334814
2337443	2338438
2342192	2346843
2347495	2347956
2349034	2349037
2350397	2356063
2356868	2356884
2358175	2358230
2359437	2359450
2360234	2360452
2361656	2361754
2362298	2363039
2363643	2371293
2371561	2371669
2373026	2373021
2373985	2373983
2374842	2374855
2375615	2375610
2377282	2377369
2378666	2378743
2379050	2379103
2379566	2382016
2383745	2385731
2386449	2388069
2389528	2389533
2391064	2391226
2393069	2393064
2393368	2393363
2393919	2393929
2394473	2394486
2395465	2395460
2398188	2398239
2399578	2399573
2400075	2400076
2401868	2401972
2402636	2402650
2403095	2403724
2404664	2407541
2409375	2409460
2410112	2410121
2410617	2410698
2411155	2416655
2417199	2417255
2417811	2417862
2418508	2420670
2421562	2421757
2422532	2422538
2423256	2423251
2423939	2424027
2424811	2425030
2425814	2426078
2426649	2426742
2428261	2428296
2428786	2429043
2429707	2429695
2430965	2431033
2431949	2432103
2432764	2432845
2433659	2433657
2434672	2434736
2435874	2436963
2438143	2438406
2439628	2441912
2442192	2442224
2442774	2442772
2443583	2443581
2444407	2444409
2445496	2445529
2446463	2447249
2448072	2448072
2448613	2448608
2449098	2449093
2449607	2449605
2450359	2453104
2453669	2454348
2454835	2455036
2457182	2457180
2458492	2458671
2458957	2462273
2463030	2469098
2469540	2470408
2470904	2474715
2475652	2478659
2480199	2480197
2481362	2486044
2487191	2487263
2488209	2488277
2489973	2490025
2491277	2491788
2492425	2493071
2493315	2495078
2496318	2500011
2502508	2502531
2503570	2503568
2504655	2504668
2505917	2505937
2506265	2506482
2507449	2509489
2510729	2513664
2515855	2516062
2516139	2516177
2516254	2517278
2518695	2519614
2520500	2520750
2522008	2522066
2522901	2523951
2524879	2525962
2526182	2526182
2528199	2528268
2529256	2534407
2535260	2536693
2537606	2537738
2538837	2538825
2539702	2539700
2540535	2540533
2541551	2541853
2542646	2542773
2543632	2547667
2548568	2548662
2549239	2549298
2549749	2549734
2550161	2552151
2553205	2553249
2553751	2553762
2554423	2554431
2555320	2555339
2556702	2563502
2564907	2564902
2566130	2566345
2567534	2567522
2568360	2568369
2569774	2569784
2570073	2570178
2570473	2570510
2571528	2571523
2572328	2572323
2573026	2572999
2573480	2573491
2573828	2574119
2576400	2579755
2580800	2580924
2581501	2581567
2583548	2588828
2588889	2591093
2591793	2591865
2593882	2593895
2594760	2594926
2595641	2595852
2596888	2596903
2597783	2612841
2613904	2616096
2616799	2616892
2618183	2618267
2618895	2624716
2626961	2628979
2630558	2630625
2632093	2633620
2633837	2633905
2635379	2635495
2636675	2636684
2637306	2637322
2638598	2638707
2639827	2639852
2640867	2641150
2642306	2642454
2642887	2643034
2645348	2645347
2650310	2652178
2652956	2653096
2654381	2654557
2654759	2654769
2655106	2655106
2656958	2656973
2657490	2657584
2657909	2657924
2658312	2658338
2659554	2659664
2660154	2660604
2661346	2664728
2665869	2666027
2666919	2671837
2672711	2672721
2673784	2673848
2674848	2674871
2676384	2676405
2677390	2677485
2680768	2682275
2683530	2685091
2685431	2685490
2686826	2686814
2687529	2687692
2689121	2689178
2689363	2689677
2693566	2695375
2695880	2695936
2696573	2698138
2698220	2698639
2699021	2699019
2699752	2699762
2700492	2700502
2701409	2701404
2702086	2702356
2703332	2703346
2705147	2705343
2705824	2705819
2706777	2706775
2707427	2707458
2708035	2710048
2710787	2712460
2713343	2714087
2714472	2715512
2716551	2722469
2723769	2724090
2724211	2724302
2727207	2727390
2727467	2727637
2729180	2729621
2732196	2732174
2732318	2732324
2733057	2733052
2734034	2736969
2738092	2738101
2739173	2742204
2742553	2742593
2743362	2743391
2743941	2743958
2744208	2744455
2745818	2748136
2748731	2752029
2752321	2752309
2752787	2755665
2756623	2759372
2761563	2761558
2763176	2763534
2763799	2776167
2780749	2783783
2783860	2794358
2794809	2794891
2795051	2796112
2796518	2797671
2798017	2812239
2812756	2812904
2814462	2814533
2814963	2814958
2815526	2815805
2815883	2816080
2816158	2816219
2816297	2816494
2816572	2816574
2816668	2816982
2817169	2817402
2820034	2820160
2820662	2820729
2821792	2821870
2822369	2822512
2823599	2828796
2830312	2833194
2835448	2835599
2836128	2836275
2837290	2840594
2841066	2841057
2841469	2841464
2842233	2842231
2842775	2842783
2844494	2844510
2845435	2845436
2847264	2847259
2847872	2847995
2848458	2854474
2854829	2858488
2859257	2864580
2865574	2865635
2866776	2866914
2867542	2867534
2868297	2868276
2869327	2869322
2869803	2869801
2870513	2870530
2870843	2871035
2871360	2871408
2872015	2872013
2873442	2873442
2874352	2876590
2876876	2876876
2877795	2877809
2878410	2878395
2879071	2879072
2880165	2880176
2880660	2880651
2882161	2882574
2885242	2885599
2886335	2886408
2888122	2888120
2889921	2892940
2893802	2893797
2894578	2894554
2895893	2895985
2897441	2897509
2898296	2902768
2903441	2904664
2905964	2906050
2907689	2907915
2908708	2908777
2909114	2909112
2909362	2909438
2911674	2911720
2913023	2916066
2917408	2917427
2918769	2918769
2920123	2920556
2921007	2921023
2921807	2921805
2922136	2922177
2922547	2922756
2923303	2929886
2931039	2931062
2931711	2938164
2939266	2939257
2939654	2939671
2940590	2940939
2941168	2943057
2943865	2944102
2945201	2945778
2947033	2948656
2950484	2950482
2954026	2954017
2956907	2957081
2960451	2960462
2960787	2960770
2961179	2961174
2961739	2961728
2962200	2962382
2963178	2963183
2964060	2964209
2966457	2966468
2967000	2970690
2971885	2971876
2974037	2974123
2974212	2974325
2974408	2975658
2976922	2977964
2978658	2978785
2980205	2980518
2981281	2981309
2982147	2982432
2983615	2987840
2987922	2987956
2988383	2994393
2995300	2995256
2995623	2997005
2997080	2997157
2997914	3002029
3003809	3010635
3012262	3012308
3013080	3026545
3027035	3027033
3028954	3031678
3033197	3033205
3034305	3034394
3036129	3036133
3036845	3036868
3037766	3038437
3038846	3038825
3039093	3040510
3041171	3041333
3041646	3043179
3043924	3044189
3047064	3047181
3047572	3047594
3048690	3049136
3050340	3050361
3051541	3051536
3052863	3052887
3053467	3054911
3054972	3055199
3056433	3056687
3057348	3064298
3065196	3065361
3066103	3066194
3066831	3066968
3067830	3068186
3069267	3069480
3070645	3070693
3071714	3071997
3072712	3072707
3073218	3073238
3074205	3074200
3075479	3075492
3076882	3076908
3077353	3077665
3079658	3080898
3081820	3081956
3083934	3083941
3084074	3092121
3093103	3096579
3097588	3097703
3098751	3098925
3099646	3099828
3100156	3100154
3100875	3105041
3107178	3108611
3109149	3111088
3111500	3111564
3112375	3112571
3117135	3117618
3119302	3119655
3121828	3121848
3122254	3122257
3123482	3123491
3124545	3124543
3126044	3129362
3130431	3130475
3131235	3131265
3131980	3132893
3134394	3134684
3136545	3137737
3137987	3137998
3138341	3138332
3138822	3138813
3139309	3139307
3141012	3141007
3142187	3142175
3143163	3143164
3144284	3144471
3144760	3146998
3147494	3148839
3149266	3149271
3150007	3152283
3153241	3156948
3159169	3159278
3160692	3160765
3161504	3161736
3163996	3164132
3165741	3165872
3166269	3166269
3166567	3166770
3167254	3167305
3167699	3169900
3170234	3171525
3173419	3173446
3174029	3174027
3174856	3174879
3175303	3175302
3175933	3179640
3180430	3181834
3182489	3189760
3189962	3192744
3192888	3193120
3193263	3193341
3194776	3194822
3197664	3197685
3198988	3201331
3202154	3202242
3202612	3203345
3204279	3207551
3208566	3212988
3213496	3213748
3214514	3215577
3217099	3218936
3219270	3231749
3232167	3232162
3232478	3232760
3233898	3239214
3239767	3239848
3241337	3241350
3242764	3251339
3252237	3253362
3254674	3254700
3256033	3256306
3257672	3257742
3258133	3258145
3260441	3260473
3261683	3261707
3263040	3263060
3264051	3264148
3265088	3268237
3268615	3268646
3269793	3269888
3270774	3270808
3271580	3271594
3272930	3275877
3276688	3290496
3291358	3295119
3296161	3296232
3296869	3297493
3297938	3298276
3298781	3298773
3299299	3302594
3303840	3303992
3305883	3305874
3305956	3306061
3306947	3307054
3309191	3309436
3309707	3309854
3310800	3310798
3311201	3311363
3314037	3314060
3315549	3315575
3316029	3316234
3316312	3318009
3319636	3320093
3320181	3320194
3320528	3320754
3322093	3322084
3322934	3323022
3324958	3325056
3325687	3326260
3326738	3328603
3329777	3329791
3330758	3330883
3331142	3331161
3331474	3333256
3334517	3334570
3334826	3334984
3335279	3335277
3335914	3335931
3336484	3336487
3337271	3337277
3338088	3347102
3347832	3347827
3348482	3348710
3351048	3351142
3352073	3363723
3364741	3367035
3367501	3367496
3368373	3368368
3369059	3369105
3370597	3370704
3371599	3371719
3372512	3374300
3374799	3374803
3375443	3375836
3376230	3376244
3376674	3376891
3378020	3381351
3382291	3383878
3384152	3384242
3386211	3386215
3387149	3387155
3387360	3388604
3390051	3390479
3394281	3394347
3395818	3395806
3396401	3396408
3396898	3396896
3398001	3398065
3399110	3399413
3401355	3410824
3411488	3421444
3421565	3421601
3421678	3421689
3421810	3421901
3424806	3424979
3425056	3425097
3425175	3425242
3426785	3427787
3428046	3428041
3428861	3428864
3429438	3429441
3429985	3430012
3430487	3430457
3431583	3436452
3436672	3436726
3437153	3437162
3437532	3437637
3438022	3438061
3439052	3439076
3439698	3439730
3440121	3440136
3440494	3440639
3440757	3440787
3442120	3442126
3442562	3442564
3442745	3442747
3443252	3443265
3443620	3443628
3444163	3444174
3444568	3444600
3444907	3444920
3445461	3445474
3445790	3445799
3446172	3446335
3446591	3446589
3446782	3446780
3447192	3447203
3447906	3447922
3448256	3448269
3448549	3448564
3449387	3449403
3449707	3449702
3450309	3450318
3450949	3450980
3451293	3451529
3451950	3451950
3453421	3464270
3464748	3464818
3465014	3465181
3467876	3468166
3469352	3469421
3471537	3471563
3472104	3472199
3472575	3472699
3472988	3472994
3473355	3473353
3473741	3473739
3474463	3474628
3475442	3475928
3476520	3476613
3476815	3476823
3478630	3478628
3479184	3483435
3483841	3486981
3488203	3488287
3488852	3488882
3489486	3489474
3489643	3489746
3490320	3502956
3504043	3504053
3505359	3505369
3505724	3505733
3506613	3506608
3507836	3507834
3508999	3509081
3509445	3509460
3510367	3510655
3511661	3511652
3512412	3512403
3513082	3513098
3513936	3514041
3515329	3515419
3516509	3516564
3517087	3517486
3518726	3518636
3519042	3519030
3519472	3519454
3519995	3519993
3520774	3523610
3524172	3528736
3530462	3532537
3533891	3533886
3534607	3542095
3542867	3546007
3548093	3548101
3550496	3553854
3554872	3554874
3556102	3557869
3558629	3558644
3559476	3559519
3559847	3562156
3564605	3564622
3566057	3566055
3567352	3567368
3569343	3569338
3571526	3571797
3572902	3573743
3575085	3575087
3575616	3575753
3576750	3576972
3577669	3577790
3578829	3578949
3579040	3583103
3584847	3585392
3586137	3586132
3587204	3587204
3588051	3588046
3588935	3589031
3590349	3590746
3591461	3591461
3592230	3592225
3593504	3593499
3594427	3594473
3595584	3596577
3597682	3597951
3598807	3599050
3600110	3600101
3600771	3600772
3602267	3603273
3603634	3606773
3607020	3608538
3609757	3623701
3624827	3624825
3627562	3627557
3628626	3628990
3630614	3634230
3635434	3637407
3637744	3640402
3641156	3641162
3643206	3645727
3645857	3650204
3651222	3653277
3653926	3653988
3654316	3654430
3654764	3661912
3662642	3663008
3663834	3664202
3665604	3665813
3667212	3669314
3669918	3674312
3676374	3676442
3677211	3678466
3679964	3680183
3681471	3681652
3683642	3683722
3687197	3687177
3688285	3688290
3690631	3690640
3693260	3694019
3694209	3698002
3698111	3699886
3700892	3700887
3701872	3701881
3702785	3702793
3703814	3704120
3705729	3706638
3706716	3706806
3708499	3708821
3710031	3710258
3710958	3712083
3714418	3716356
3717068	3718470
3718624	3720350
3722421	3722429
3723342	3723435
3723736	3724946
3725385	3725429
3725772	3725939
3727395	3727465
3728789	3734375
3735201	3739131
3739606	3739706
3740556	3749150
3749892	3750985
3752123	3752127
3752452	3752995
3754535	3754698
3755851	3756039
3757885	3757880
3759273	3759369
3759979	3768265
3769403	3769404
3769768	3774193
3774404	3779763
3780586	3780664
3781685	3781683
3782152	3782213
3782466	3782606
3783039	3787069
3788105	3788342
3789369	3789377
3790575	3790848
3791707	3796261
3797336	3797367
3798220	3798289
3798989	3799005
3800023	3800061
3801082	3801080
3802161	3802203
3803140	3803175
3803974	3803965
3805091	3805086
3806122	3808365
3809176	3809272
3809441	3809460
3809698	3809913
3810583	3813149
3813792	3813885
3814573	3817510
3819194	3825482
3826689	3830241
3832561	3832569
3833953	3837197
3838017	3838571
3839763	3839972
3840426	3840477
3841813	3843798
3845191	3845327
3846648	3846656
3848160	3848158
3848750	3848824
3849116	3849118
3850808	3850912
3851012	3851140
3851281	3853136
3853635	3853630
3853994	3853982
3854331	3854933
3856428	3856423
3858140	3862634
3864297	3864491
3864921	3865031
3865446	3866084
3867333	3868460
3869754	3869872
3871022	3871017
3871636	3871618
3872498	3872493
3873184	3874162
3874976	3875089
3875489	3875727
3878143	3878170
3879245	3879243
3880345	3880348
3881753	3893294
3894633	3896693
3897417	3897430
3898601	3898626
3900244	3900311
3901725	3901742
3903621	3903753
3904591	3904875
3905602	3905615
3906390	3906571
3907463	3907461
3908422	3908507
3909549	3909861
3911692	3911852
3913224	3913575
3913996	3914015
3915399	3915424
3916289	3916338
3917881	3917892
3918427	3918440
3918912	3918972
3919213	3919258
3920075	3920082
3920464	3921079
3921704	3921766
3923657	3924034
3924479	3924567
3925027	3926174
3927627	3927619
3929117	3937207
3938636	3938657
3939351	3945150
3945991	3946471
3947993	3954949
3955844	3957554
3957837	3960767
3962253	3962387
3963654	3982374
3984031	3984708
3985906	3985907
3987090	3987110
3987852	3987847
3988790	3991761
3992083	3998314
3999080	4000441
4000823	4000835
4001217	4001310
4002202	4002252
4002721	4006461
4007083	4009885
4010840	4013376
4014193	4022355
4022845	4025631
4026796	4026804
4028995	4038928
4039457	4039437
4040023	4043692
4044626	4048155
4048789	4051669
4051781	4051891
4053302	4053312
4054363	4054647
4056058	4061625
4062319	4062385
4063790	4063831
4065218	4065262
4067300	4067497
4068425	4068537
4069780	4069795
4070675	4070697
4071595	4078321
4079252	4079247
4079884	4079879
4080783	4080794
4083846	4086129
4087879	4087877
4088949	4088937
4090390	4090399
4090847	4091146
4091462	4091470
4092296	4092745
4094006	4094001
4095472	4097513
4098549	4101624
4102999	4102994
4103694	4108762
4109531	4109637
4110238	4111748
4112496	4112591
4113603	4113736
4115246	4115267
4116114	4116867
4117354	4117445
4118373	4118438
4119771	4119779
4120311	4120402
4121363	4121453
4122480	4122634
4124834	4125308
4125918	4126100
4126419	4135062
4135681	4135954
4137059	4137068
4137732	4137742
4140245	4145488
4146341	4146554
4148289	4148469
4151122	4151718
4152871	4156307
4156418	4157412
4158814	4160192
4161294	4172098
4173050	4188349
4188511	4188757
4189892	4189887
4190659	4190659
4190861	4190843
4191600	4191591
4192228	4192226
4194123	4194354
4194832	4199285
4199712	4202664
4203955	4203965
4205556	4211702
4212147	4218323
4220511	4220826
4221652	4227475
4228166	4229381
4229655	4229906
4231257	4237799
4238079	4238801
4240278	4240648
4241540	4241553
4243099	4243251
4244443	4252065
4254490	4257510
4258027	4261270
4262255	4266831
4267036	4269071
4271895	4272782
4273065	4275082
4275407	4275949
4276090	4279805
4281099	4281275
4282926	4282921
4283237	4283435
4285395	4294458
4295149	4295241
4297390	4297586
4299054	4299049
4301102	4301100
4302133	4302150
4302427	4302634
4304621	4304892
4305823	4305805
4306502	4306511
4307493	4307470
4309004	4309129
4310066	4310123
4311015	4312366
4313126	4313126
4313562	4313547
4314106	4314104
4315242	4315237
4315919	4316028
4316788	4316783
4317630	4317621
4318687	4318685
4319271	4319266
4319720	4319719
4320446	4321358
4322376	4322399
4323189	4323320
4323765	4324421
4324758	4330203
4331296	4331304
4331974	4331969
4333614	4333716
4335055	4335190
4335953	4336276
4338545	4338742
4339652	4342951
4343582	4343702
4345350	4345426
4346768	4347337
4348058	4348053
4349686	4351222
4352741	4352976
4354435	4354492
4356641	4356719
4358055	4358418
4359958	4360573
4360650	4360755
4361332	4361367
4363066	4363040
4363380	4363494
4364797	4364913
4366351	4367178
4368436	4371387
4372258	4372651
4373681	4375211
4375746	4375833
4376968	4377029
4377390	4377399
4377796	4377805
4378541	4378532
4380342	4384069
4387394	4387414
4388384	4388479
4389533	4390950
4392091	4414039
4414316	4414463
4414794	4415720
4416477	4416583
4417649	4422538
4422815	4424650
4425446	4426101
4426741	4429343
4430007	4430113
4431080	4431186
4432048	4432644
4434589	4436730
4437286	4437894
4439239	4439560
4440200	4447144
4447676	4452633
4453633	4455336
4455889	4457922
4458388	4458544
4460684	4461076
4462733	4462781
4464204	4464321
4465270	4468549
4468937	4469008
4469471	4469482
4470419	4470421
4470557	4470836
4471233	4471362
4472077	4475329
4476335	4477056
4477561	4479004
4481861	4481859
4482304	4482462
4483975	4486583
4488087	4488163
4489163	4489228
4490549	4490609
4491375	4491397
4492430	4493212
4494233	4500125
4501455	4505488
4506641	4508712
4509481	4509480
4510438	4510433
4511433	4511428
4512332	4512375
4514701	4514786
4515741	4515736
4516259	4517360
4518348	4518693
4520044	4520149
4522118	4522127
4523034	4523037
4523827	4524128
4524912	4524927
4525561	4525571
4526004	4526133
4526941	4526952
4528267	4528277
4528557	4528552
4529675	4530459
4531207	4531261
4531808	4531818
4532077	4534636
4535618	4535681
4536789	4536807
4537525	4547975
4549320	4553512
4554344	4555400
4556313	4556376
4557550	4557561
4558024	4558019
4558704	4559519
4560699	4560765
4561627	4561944
4562713	4562721
4563874	4563988
4565270	4565309
4566543	4568184
4569598	4574934
4575982	4575980
4577361	4577521
4577864	4578090
4579486	4579481
4581072	4581271
4584785	4585931
4586889	4586898
4587103	4587151
4589303	4591383
4592746	4592959
4593875	4595172
4597465	4597717
4598213	4598260
4598999	4599000
4599541	4599646
4600121	4600110
4600882	4602897
4603687	4604101
4604189	4604222
4604310	4604337
4604425	4604691
4605724	4612702
4613567	4613537
4615089	4621123
4622141	4622167
4622813	4626877
4628546	4631255
4631769	4632463
4633334	4637612
