0 51 160 280 473 487 498 776 977 1042 1299 1324 1422 1442 1540 1595 1598 1713 1718 1853 1934 1969 2053 2146 2195 2283 2411 
0 16 39 81 138 1299 1383 1386 1562 1587 1821 1853 2069 2146 2195 2263 2281 2359 
0 24 498 928 929 1299 1356 1430 1606 
4 58 376 412 666 980 1068 1069 1158 1185 1377 1599 1605 1608 1831 1855 1912 1928 2045 2128 2136 2196 2241 2243 2323 2347 2407 2408 
12 83 98 99 153 500 596 830 976 977 1235 1444 1445 1454 1683 1739 1752 1772 1797 1804 1805 1806 1812 1976 2022 2047 2048 2091 2092 2143 2162 2163 2170 2171 2181 2182 2303 
13 218 538 712 948 984 1139 1668 2187 2219 
13 34 37 50 138 352 1713 1945 2000 2053 2055 2343 2359 
13 94 285 352 370 487 510 928 974 977 1078 1083 1194 1345 1401 1495 1587 1800 1831 1934 1954 2263 2281 2343 
13 41 214 243 347 599 1431 1455 1744 1805 1871 1965 2022 2086 2169 2405 
14 87 221 667 1402 1519 1586 
15 24 44 59 76 89 106 122 148 166 254 255 257 260 263 277 280 281 283 284 352 599 615 666 920 956 1062 1067 1071 1133 1221 1257 1258 1285 1297 1348 1385 1393 1394 1398 1404 1426 1485 1519 1520 1532 1533 1577 1579 1583 1619 1663 1738 1804 1834 1986 1997 2021 2058 2067 2097 2172 2180 2292 2311 2328 2343 2401 2408 
15 46 352 402 511 905 994 1010 1285 1433 1458 1519 2158 2176 2401 2408 2411 
17 85 89 106 175 255 352 484 500 516 582 599 687 715 1062 1169 1209 1221 1257 1258 1285 1392 1404 1485 1519 1531 1532 1553 1579 1738 1804 1978 1980 1986 2021 2083 2097 2172 2311 2328 2333 2343 2401 2408 
17 166 268 283 370 508 557 727 836 853 994 1005 1297 1345 1398 1477 1579 1761 1905 2035 2102 2161 
23 287 682 907 1067 1393 1422 1553 1595 1800 2147 2180 2190 
23 68 199 599 907 1037 1041 1214 1298 1525 1678 1745 1822 
28 29 416 685 851 915 1068 1157 1162 1566 1701 1831 1912 1939 1940 1947 1948 2118 2119 2370 
31 61 72 75 96 134 135 189 238 323 325 360 361 408 410 427 437 438 452 468 469 470 479 483 502 513 610 611 690 691 722 740 832 837 849 973 1073 1074 1092 1104 1105 1200 1212 1231 1240 1244 1295 1296 1359 1486 1657 1757 1795 1796 1866 1867 1869 1871 1879 1882 1921 1922 1941 1993 2033 2034 2044 2129 2202 2203 2204 2239 2240 2243 2244 2245 2246 2345 2354 
31 32 72 96 134 135 189 271 320 323 325 360 361 408 410 437 438 452 468 469 470 513 611 690 691 722 730 740 808 832 849 973 1000 1073 1074 1092 1104 1105 1200 1212 1231 1240 1295 1296 1359 1419 1486 1657 1756 1795 1796 1866 1867 1869 1879 1921 1922 1941 2033 2034 2044 2129 2202 2203 2204 2205 2211 2239 2240 2245 2246 2321 2322 2354 
34 50 51 89 103 180 431 449 473 495 529 533 565 688 769 772 788 829 936 956 968 1071 1202 1243 1250 1289 1298 1374 1376 1541 1567 1634 1713 1777 1788 1837 1952 1963 2151 2154 2186 2231 
37 50 180 392 449 495 688 727 778 836 1032 1250 1309 1477 1567 1713 1905 2000 2053 2089 2151 2280 
37 394 2000 2053 
37 43 65 138 213 223 1430 1579 1974 1978 2000 2053 2055 2165 2359 
39 71 197 459 472 1365 1549 1677 2102 2288 
39 268 853 2161 
39 197 651 2216 
39 81 199 210 290 310 342 380 509 538 546 548 549 614 677 679 684 826 909 1101 1116 1125 1176 1198 1239 1246 1247 1248 1249 1326 1334 1380 1424 1425 1534 1660 1760 1838 1998 1999 2101 2102 2125 2179 2251 2260 2280 2417 2418 
40 89 97 112 284 502 576 668 1072 1675 1728 1757 1971 1972 1973 1974 
45 234 502 1552 1618 1628 1629 1630 1807 1808 1832 
50 51 184 376 406 407 552 600 688 828 919 956 980 990 1015 1071 1185 1336 1355 1374 1507 1531 1593 1605 1606 1837 1967 2008 2031 2128 2131 2136 2196 2231 2323 2415 
50 51 53 341 391 392 393 394 415 431 616 711 910 911 1777 1837 2259 2280 
51 778 1250 1309 1477 1567 1601 2053 2089 
53 278 279 280 287 391 415 431 565 682 711 788 826 842 1032 1328 1541 1634 1681 1718 1777 1831 2114 2186 2235 
53 392 394 415 431 616 711 910 911 968 1777 2154 2231 2259 2280 
55 75 121 125 141 378 725 726 727 808 891 1550 1610 1611 1626 1689 1742 1821 2155 2156 2254 2339 
55 75 133 919 1123 1194 1490 1614 1649 1800 2081 2146 2185 2190 2217 
55 63 65 121 727 776 778 808 836 1309 1477 1579 1905 2089 
55 121 378 512 616 927 973 1069 1158 1408 1491 1616 1626 1641 1864 1891 2344 
59 687 915 1169 1209 1398 1579 1980 2083 2408 
60 166 177 268 283 367 452 651 679 823 853 919 1005 1010 1240 1409 1579 1595 1621 1649 1761 1825 2025 2041 2102 2232 2270 
61 1157 1535 1718 1719 1947 1948 2300 2301 
61 369 396 600 919 991 992 1045 1184 1224 1335 1355 1362 1500 1507 1554 1607 1722 1724 1757 1959 2008 2031 2150 2301 2329 2360 2361 
63 121 367 452 508 510 615 651 727 836 1010 1078 1433 1477 1495 1621 1742 1905 2041 2156 2216 2270 2292 2333 
73 190 226 258 352 667 668 705 915 1139 1345 1365 1375 1619 1826 2066 2088 2090 2100 2176 
77 81 95 199 210 290 306 310 311 312 340 341 342 380 509 546 548 549 614 677 679 701 702 792 826 829 909 1086 1087 1088 1101 1103 1106 1107 1116 1176 1239 1246 1247 1248 1249 1250 1268 1325 1326 1380 1424 1425 1494 1534 1567 1660 1688 1760 1838 1914 1998 1999 2034 2101 2102 2125 2178 2179 2251 2259 2260 2280 2388 2417 2418 
88 221 1586 
88 219 425 692 713 784 798 1101 1260 1261 1366 1373 1442 1560 1655 1851 1866 1965 2076 2130 2207 2208 2283 
89 522 596 598 721 1298 1302 1788 
89 105 106 255 352 599 1062 1352 1683 1985 2021 2097 2216 2222 2343 2401 
89 106 221 255 352 599 1062 1063 1149 1352 1399 1512 1556 1587 1831 1985 2021 2070 2222 2288 2343 2401 
89 106 252 255 352 599 1062 1075 1077 1430 1497 1551 1552 1587 1986 2021 2097 2142 2222 2303 2343 2393 2401 
89 173 174 394 449 495 727 778 1250 1289 1298 1309 1477 1567 1601 1713 1788 2089 2151 2231 
90 300 393 778 1250 1309 1567 2089 2265 
90 259 776 2265 
94 141 166 202 283 508 557 998 1068 1083 1579 1742 2156 2339 
111 184 688 778 828 1036 1250 1309 1417 1560 1567 2089 
118 119 587 588 589 590 591 1085 1087 1088 1105 1106 1107 1108 1113 1114 1115 
118 1085 1114 1115 
119 792 1086 1087 1114 1115 1688 2388 
119 792 1086 1087 1114 1115 1212 1688 1922 2044 2203 2388 
121 1155 1401 
139 207 212 376 416 658 685 730 915 919 1091 1108 1157 1162 1201 1336 1355 1846 1852 1907 1916 1944 2196 2329 
139 407 685 1157 1160 1161 1162 1268 2062 
178 212 376 407 685 980 1162 1183 1184 1336 1692 1722 1723 1724 2017 2128 2256 2360 2361 
178 396 602 1692 
178 602 915 1692 
178 280 659 1655 1692 1718 2137 2150 2207 2208 2256 2392 
178 1692 2065 2256 
178 602 1692 
180 508 651 775 776 778 798 1155 1417 2217 
180 820 1309 2089 
180 
180 
180 2082 
180 820 
180 
180 798 1309 2089 
180 775 
184 688 828 1309 2089 
184 508 688 776 798 828 1155 1477 2217 
184 688 798 828 1601 
184 688 828 
184 826 842 989 1422 2114 2147 2148 2235 
184 688 828 927 
184 688 828 927 
189 836 1289 1864 1905 
199 538 1033 2082 2219 
204 405 498 508 701 928 964 970 974 1155 1304 1450 1451 1799 1831 2217 
207 912 980 984 1045 1119 1164 1165 1185 1224 1316 1500 1541 1542 1605 1607 1940 1959 1960 2062 2118 2119 2128 2131 2136 2187 2323 
219 222 602 959 984 1187 1409 1619 2174 2187 
226 392 397 537 603 1281 1282 1283 1394 2037 2280 2320 
240 272 596 697 
285 508 919 1042 1104 1354 1358 1406 1540 1649 1713 1965 2146 
300 417 418 896 2164 
315 466 536 936 1643 
319 321 326 1271 
326 365 1254 1270 1271 1297 1596 2085 2088 2140 2206 
348 350 2410 
368 369 602 610 984 1355 1362 1745 1755 1767 1768 1811 2035 2036 2062 2164 2187 
376 1160 1161 1336 1412 2062 
388 925 999 1171 1219 1352 1439 1587 1624 1685 1926 1975 1985 2097 
392 533 778 798 1250 1309 1567 2089 2280 
393 778 989 1250 1309 1567 1831 2025 2089 2148 
420 608 1101 1352 1985 2070 2097 2221 
431 508 956 1071 1185 1376 1377 1599 1605 1606 1608 1777 1818 1831 1837 2131 2136 2154 2241 2323 
452 1010 1201 1422 1621 1864 2041 
508 1155 1451 2217 
508 2217 
538 1412 2131 
602 2256 
778 1309 1601 2089 
778 798 1033 1309 2089 
778 1309 2089 
919 959 1007 1194 1354 1358 1520 1614 1649 1864 1954 2146 
919 1354 1358 1520 1524 1649 1965 2146 2185 
973 1864 
1033 
1106 1432 1518 1684 1757 1804 1870 1986 2172 2355 
1160 1161 2062 
1309 2089 
1309 2076 2089 
1428 
2082 