1	4639652	189
2	5021	5233
5	5531	8237
6	9192	9305
9	9894	12162
10	15299	15444
12	16558	16951
13	17007	17488
16	19621	21180
17	25702	25825
18	27228	27292
19	28208	28373
20	29196	29650
21	34039	34299
25	34696	42402
26	47139	47245
27	49632	49822
29	50303	57363
34	58180	70386
35	71266	71350
38	72116	77366
41	78800	84367
42	85313	85629
43	87849	88027
44	89033	89633
45	106457	106556
46	107475	107704
47	110985	111043
49	111434	113443
52	114488	118732
54	120136	122091
55	122857	123016
56	127588	127911
58	129337	131614
59	134213	134387
62	134751	137082
64	138634	141430
66	141968	142778
67	144473	144576
68	145018	145080
70	146311	146967
76	147871	162104
77	164535	164729
78	167265	167483
80	173445	175106
81	176529	176609
83	176955	179236
84	180755	180883
85	182309	182462
90	183621	189711
91	190600	190856
92	191709	191854
93	192581	192871
94	194718	194902
95	200361	200481
96	209581	209678
98	213630	214290
103	215980	222832
104	223409	223770
105	225576	225758
106	229005	229166
108	229971	231121
110	232550	234815
112	235539	236066
113	236799	236930
114	237008	237334
117	238121	240342
119	240817	243542
120	244122	244326
123	245095	246711
124	247462	247636
125	248135	250897
127	253162	255976
128	256436	256526
130	258231	259611
137	262171	269826
138	270979	271803
140	271879	274548
144	276872	281480
145	284393	284618
153	287624	296429
155	296479	302214
159	302830	311335
162	311564	314514
165	315678	319450
166	320306	320831
169	323678	328686
170	330721	331594
173	332684	334503
174	338968	339388
175	341732	342107
176	343158	343399
177	344216	344627
179	344874	345707
181	345984	347905
182	348797	349235
183	353817	354145
185	356679	358022
188	360371	367834
189	374106	374682
190	375895	375995
193	376536	380574
196	381804	384455
199	387871	393729
201	394354	395862
203	398191	398816
205	399030	400609
206	400871	400970
207	402387	402504
208	402826	402926
210	404043	404987
211	405447	405628
212	406395	406651
214	407686	409367
217	410277	416365
218	418409	418814
219	421584	421738
221	423557	424234
222	429701	429828
225	430177	432225
226	434781	434857
229	436332	440772
231	442222	443906
235	444399	453695
236	454014	454356
237	455656	455900
238	457925	458111
239	460467	460674
240	460948	461138
241	463011	463160
242	463533	463625
244	464025	466635
245	467455	467606
246	471642	471821
248	473477	474602
250	475176	475671
256	476250	484984
257	485633	485759
259	489123	490105
260	490484	490635
261	494235	494343
262	496219	496398
263	497044	497278
265	498242	499348
268	500654	504137
270	505791	506427
272	506512	507441
274	507784	510864
275	513093	513216
277	513625	515142
279	516587	518956
280	522055	522484
281	526766	526804
283	527174	531674
284	533051	533139
285	535711	535809
286	536689	536856
288	542258	545903
289	547572	548849
292	550556	553833
295	555220	557434
296	557978	558196
298	563069	563945
300	564023	566064
301	567228	567537
302	567871	568124
303	569652	570115
304	571475	571590
305	573094	573178
307	573563	576620
308	577334	577329
311	577733	579102
313	579310	580056
314	580603	582903
316	583654	585279
320	585325	594822
321	596197	596353
325	602559	606956
326	607016	607058
327	607212	607287
330	608401	612037
331	617262	617476
333	618611	621522
335	622774	624107
336	628937	629116
337	631223	631404
339	631603	632808
343	633970	638167
344	638732	638975
346	640542	641310
351	642550	651457
353	653766	655779
354	656341	656514
356	656725	658169
364	658374	674240
366	674724	675933
368	678066	678730
377	680887	694323
381	695500	703166
382	705114	705315
383	706981	707556
388	709340	712209
389	714422	714634
391	715130	719805
393	720064	728356
394	728564	728805
395	733326	734872
396	735443	737314
397	738077	738223
399	740149	742049
404	745950	754399
405	757629	757928
406	761963	762236
408	764273	765206
409	769835	770680
410	773826	773974
411	775501	775564
412	776831	776962
413	779613	779776
414	780876	781307
417	783109	784855
421	785909	793995
422	794146	794311
424	796836	797808
426	798805	799981
427	801035	801109
428	802544	802725
432	804988	808566
433	812171	812748
435	814771	816266
436	818971	819106
437	819812	820015
439	820730	823852
441	824264	830094
443	831460	832292
444	835434	835573
448	836660	841554
454	842482	849672
456	850189	851893
458	852164	852405
460	853989	855185
464	856779	862864
466	863528	865790
467	872025	872201
469	875887	877470
470	877855	877964
472	879081	879949
474	881153	882895
477	884129	886645
479	887183	889311
481	889690	890135
482	892093	892179
483	892657	893006
487	898869	903815
492	904967	915695
494	917355	918457
496	921517	922135
501	924764	931817
502	932313	932446
503	936437	936594
504	939944	940181
506	944120	945093
507	946243	946451
509	947883	948890
513	949482	955984
514	956678	956875
515	959319	959486
516	960252	960423
517	962892	963050
518	963336	963542
519	970822	970974
521	971869	972759
522	980010	980269
523	982118	982297
528	983521	989844
530	992458	997090
531	997631	997712
532	1003881	1003990
533	1005002	1005174
535	1005718	1007066
536	1011095	1011223
537	1014683	1014937
539	1015106	1017707
542	1018161	1020360
544	1020991	1023693
547	1025749	1027168
549	1027583	1029286
553	1029566	1031361
554	1036830	1036962
555	1039761	1039839
557	1041139	1049055
559	1049754	1050683
560	1050897	1051069
563	1051464	1055483
565	1056513	1057306
567	1061622	1063258
568	1064516	1064807
570	1066050	1067303
572	1067478	1073464
574	1074104	1078527
575	1080037	1081465
576	1083871	1084214
578	1085280	1092098
580	1093458	1095065
582	1096053	1097108
583	1099418	1099518
585	1100011	1103173
586	1104126	1104183
587	1104517	1104636
588	1104949	1105042
590	1107000	1108557
591	1112630	1112801
595	1113030	1116029
603	1117083	1124784
604	1126953	1127061
607	1128598	1130240
608	1133781	1133951
610	1140210	1143724
611	1144046	1144162
613	1145123	1145811
614	1146764	1146843
615	1150628	1150837
616	1151075	1151161
617	1152404	1152522
618	1156798	1157091
620	1158526	1161107
621	1164909	1165307
622	1166613	1166821
624	1167362	1168295
628	1168554	1174649
631	1179583	1185066
635	1186294	1194345
637	1195597	1197917
639	1198812	1200719
642	1201062	1202246
643	1202448	1202490
644	1203384	1204771
645	1204955	1206135
647	1207769	1208907
648	1209463	1209568
653	1210403	1215011
654	1215249	1215290
655	1215859	1215970
656	1216220	1216550
657	1218075	1218205
659	1218425	1222486
661	1222673	1225822
663	1226192	1226936
664	1227231	1227301
665	1227962	1228037
667	1228500	1229989
670	1231678	1234160
672	1234881	1236793
675	1239173	1242402
677	1243015	1243950
678	1244206	1244382
681	1244824	1250288
685	1252209	1258013
689	1258293	1262936
691	1268243	1268545
693	1268613	1269080
695	1269147	1269615
697	1269684	1271341
698	1271573	1271729
700	1272426	1273006
702	1274402	1277179
703	1278572	1279086
708	1285750	1288467
709	1289374	1289464
710	1290479	1290679
712	1291589	1292749
714	1293368	1297820
715	1298469	1299205
716	1300838	1300922
718	1304793	1306811
721	1306986	1309112
724	1309833	1312043
728	1312683	1321243
729	1324666	1324875
731	1325752	1327355
733	1328406	1329071
734	1331670	1331878
735	1332854	1333183
736	1333483	1333854
738	1336531	1337353
739	1338119	1338266
740	1339752	1339944
745	1341009	1344819
753	1344925	1359143
754	1360493	1360766
756	1364840	1366102
757	1367639	1367712
758	1368028	1368239
759	1378832	1379970
761	1380877	1382140
762	1384597	1384743
764	1386286	1386953
767	1387920	1390014
768	1390915	1391250
770	1392865	1394099
771	1395117	1395388
775	1395647	1402764
777	1403674	1404002
779	1404567	1406073
780	1407058	1407152
781	1407275	1407534
786	1408909	1416694
789	1417184	1418388
790	1420754	1421423
791	1421610	1421805
792	1423264	1423400
794	1423665	1427072
799	1431011	1435144
801	1435254	1439081
804	1439349	1441074
806	1444231	1445542
809	1447043	1451950
810	1461463	1461562
813	1463086	1467381
814	1468534	1472244
815	1473106	1473167
816	1475475	1475644
818	1480226	1481084
819	1484988	1485258
820	1486060	1486255
821	1487696	1488925
823	1489457	1489700
825	1489875	1490142
826	1490199	1490493
828	1492135	1493311
829	1494656	1494879
830	1496536	1496674
831	1496900	1496961
833	1497502	1498596
834	1500180	1500480
835	1501150	1501740
837	1502890	1504195
838	1504733	1504804
840	1506767	1507309
841	1507949	1508026
842	1509434	1509677
844	1515027	1515412
845	1515587	1515671
847	1515906	1517050
848	1518089	1518285
850	1518952	1521330
852	1522393	1524270
853	1524889	1524963
854	1525177	1527945
855	1528429	1529839
856	1530977	1531075
858	1531310	1532047
863	1532894	1545424
869	1550016	1554648
886	1555081	1599513
891	1606129	1612827
892	1613710	1613786
893	1614903	1615051
895	1616243	1617143
897	1618232	1619355
898	1620544	1620669
902	1620766	1622796
904	1623316	1625540
905	1626288	1626375
906	1627063	1627238
908	1627443	1631062
909	1631330	1631645
911	1632237	1634779
917	1635482	1639878
922	1640092	1643920
923	1644227	1644428
925	1644762	1645957
926	1646366	1646531
927	1647066	1647405
928	1647459	1647632
931	1648010	1653831
933	1654769	1655588
934	1655895	1656092
935	1663145	1663338
939	1664596	1667722
940	1668977	1669399
942	1670806	1671936
944	1672972	1676450
945	1677396	1677580
947	1679723	1680182
948	1682208	1682282
951	1683213	1686599
952	1687776	1687875
957	1689385	1697378
958	1700154	1700256
960	1701259	1702574
961	1702701	1702972
962	1703189	1703273
963	1703715	1703790
964	1710183	1710792
965	1712296	1712400
971	1713007	1717899
973	1718368	1719048
975	1722158	1724046
976	1726269	1726370
977	1727019	1727110
979	1731728	1732458
980	1733275	1733401
983	1733984	1735867
985	1736894	1737934
986	1739147	1739436
988	1740586	1741480
990	1742855	1744458
991	1745030	1745154
994	1746760	1753721
995	1755135	1755444
1001	1755682	1767097
1002	1768211	1768395
1003	1768502	1768638
1004	1768996	1769094
1005	1770310	1770535
1006	1773469	1773610
1008	1776372	1777640
1010	1782702	1785468
1011	1786303	1786458
1012	1787506	1787636
1019	1787829	1803188
1021	1803297	1804393
1022	1805324	1805423
1023	1805715	1805819
1025	1806681	1807403
1026	1808073	1808234
1027	1808826	1808957
1030	1810350	1811890
1035	1814153	1820481
1036	1821310	1821538
1040	1822427	1830451
1041	1831259	1831424
1042	1837425	1837490
1044	1838799	1839513
1046	1839922	1840394
1050	1841739	1846860
1051	1848718	1848883
1056	1850553	1860794
1057	1861791	1861873
1060	1862759	1864931
1061	1868263	1868408
1062	1869885	1870064
1064	1872102	1872375
1066	1872823	1873696
1068	1875281	1875738
1073	1876973	1879935
1074	1881022	1881211
1078	1884835	1891390
1079	1891736	1892156
1081	1892457	1892828
1082	1894773	1894955
1083	1896321	1896450
1085	1898050	1900071
1086	1903284	1903711
1092	1904279	1906948
1094	1907189	1908299
1098	1909674	1914281
1099	1918168	1918246
1100	1919687	1919803
1101	1920041	1920144
1103	1920337	1921089
1106	1921339	1923131
1107	1923363	1923463
1111	1924807	1928904
1114	1930084	1934675
1115	1935546	1935672
1118	1937116	1940685
1121	1942224	1944274
1124	1944878	1948855
1125	1950686	1950725
1128	1952438	1958085
1129	1959820	1959995
1135	1960485	1977776
1138	1978206	1984948
1141	1985453	1986245
1142	1986570	1986739
1144	1987238	1987704
1148	1988917	1993841
1154	1994067	2001895
1155	2004103	2004179
1157	2005668	2006300
1158	2007737	2007844
1159	2008514	2008623
1161	2009104	2011252
1162	2017538	2017641
1163	2021703	2021991
1165	2022616	2023009
1167	2023238	2023534
1171	2024351	2027562
1173	2028484	2031672
1174	2031764	2033858
1176	2034711	2036979
1177	2037394	2037501
1178	2039143	2039398
1179	2040050	2040391
1181	2040923	2041674
1182	2042649	2042961
1183	2050039	2051666
1184	2052984	2053084
1185	2054540	2054881
1187	2055599	2057874
1190	2057951	2060283
1195	2060360	2069338
1196	2072683	2072802
1197	2075505	2075592
1202	2075968	2080779
1207	2082208	2088019
1208	2088071	2088215
1219	2095250	2135925
1222	2137510	2141289
1224	2144608	2145697
1226	2147051	2149208
1228	2149671	2151332
1230	2151476	2151667
1232	2151804	2152039
1233	2163023	2163212
1234	2163546	2163691
1237	2165225	2166735
1238	2167636	2168259
1242	2169423	2176842
1245	2180084	2183938
1246	2184764	2184981
1250	2185321	2192321
1251	2194356	2198300
1252	2202312	2202617
1253	2207126	2209246
1255	2209709	2212887
1256	2213620	2213678
1259	2213787	2220206
1262	2221923	2223822
1264	2224402	2227003
1266	2227088	2228645
1267	2229737	2229865
1268	2230751	2230899
1269	2231862	2232054
1273	2234523	2241931
1277	2242769	2247738
1280	2250811	2253376
1284	2254037	2261884
1286	2263067	2263471
1287	2264045	2264266
1288	2265734	2265850
1289	2267590	2268000
1290	2268568	2268747
1293	2275912	2278653
1294	2280415	2280538
1296	2280824	2282150
1298	2284310	2288521
1300	2289170	2301627
1301	2301793	2301926
1306	2302416	2311105
1307	2311199	2311509
1309	2314850	2318064
1310	2321274	2321468
1314	2325316	2337588
1316	2338312	2342886
1317	2345173	2345405
1320	2346791	2350668
1321	2354734	2354925
1326	2356024	2362575
1328	2363002	2363949
1333	2371301	2379629
1334	2380548	2380734
1336	2381947	2383881
1337	2384854	2384955
1339	2385460	2386656
1340	2387080	2387134
1345	2387987	2405582
1346	2406801	2406883
1350	2407484	2411491
1351	2414914	2415102
1354	2416624	2418642
1361	2420624	2435971
1364	2436968	2439785
1366	2441793	2446627
1372	2447180	2459327
1373	2460669	2461033
1375	2462093	2463322
1376	2464406	2464566
1377	2465725	2465876
1380	2468485	2471625
1381	2471989	2472053
1382	2472879	2473005
1383	2474201	2474331
1385	2474621	2475868
1387	2478553	2481776
1392	2485990	2492719
1394	2492996	2493666
1395	2494588	2494942
1397	2495015	2496692
1400	2500010	2507651
1401	2508909	2509022
1403	2509350	2511063
1404	2512267	2512352
1407	2513466	2516488
1409	2517228	2518952
1412	2519351	2523148
1414	2523914	2524967
1417	2525967	2529484
1418	2530247	2530430
1419	2531403	2531785
1421	2534366	2535363
1422	2535739	2535770
1427	2536506	2543794
1431	2547429	2550373
1433	2552147	2556879
1434	2558089	2558278
1435	2558921	2559389
1436	2560016	2560132
1437	2561140	2561613
1438	2562395	2562544
1443	2563355	2576687
1446	2579662	2583752
1447	2585454	2585616
1449	2588731	2589268
1453	2590985	2597927
1454	2598971	2599222
1456	2612805	2614115
1460	2615960	2619218
1461	2620895	2621065
1463	2624679	2627311
1464	2627504	2627813
1466	2628888	2632253
1474	2633625	2650515
1475	2651362	2651876
1481	2652181	2661463
1482	2662268	2662411
1483	2663267	2663456
1486	2664738	2667053
1487	2671272	2671367
1490	2671791	2680884
1492	2682079	2683856
1496	2685048	2693822
1499	2695380	2696780
1501	2697946	2698541
1505	2698619	2708441
1507	2710065	2710917
1509	2712253	2713444
1511	2714033	2714775
1513	2715466	2716756
1514	2717177	2717244
1515	2720636	2720748
1521	2722474	2734167
1522	2734906	2735175
1524	2736928	2739381
1525	2739748	2739896
1528	2742130	2745983
1530	2748083	2748852
1531	2749732	2749816
1532	2751479	2751626
1534	2751969	2752917
1535	2753401	2753614
1536	2753978	2754180
1538	2755423	2756665
1539	2756879	2757006
1540	2758417	2758568
1543	2759196	2763939
1544	2765378	2765731
1545	2766596	2766686
1546	2767509	2767724
1547	2769147	2769169
1548	2769638	2771339
1549	2773044	2773940
1550	2775805	2775993
1553	2776008	2787006
1554	2792038	2792274
1556	2794359	2795232
1558	2796067	2797185
1560	2797636	2798155
1561	2798498	2798744
1562	2802484	2802836
1563	2806147	2807638
1564	2808702	2808791
1565	2809323	2809448
1567	2812177	2812823
1577	2812902	2823853
1578	2826539	2826642
1580	2828801	2830497
1584	2833068	2837545
1587	2840437	2848668
1589	2854439	2855114
1590	2857677	2857781
1592	2858439	2859451
1593	2861524	2861614
1594	2863035	2863122
1598	2864488	2874602
1601	2875641	2885375
1603	2885432	2890235
1604	2890602	2890678
1608	2892794	2898613
1610	2901397	2903578
1611	2903720	2903732
1615	2904606	2913078
1619	2915836	2923369
1620	2924219	2924329
1621	2925695	2926250
1623	2929833	2932256
1625	2938122	2940717
1627	2940924	2941358
1630	2943008	2945408
1632	2945706	2947263
1637	2948596	2967683
1638	2968374	2968441
1639	2969156	2969292
1640	2969512	2969618
1642	2970660	2974620
1644	2975653	2977042
1649	2977979	2983868
1650	2985099	2985557
1651	2986191	2986523
1654	2987809	2989289
1655	2989782	2990115
1656	2991493	2991659
1659	2991879	2998366
1661	3001991	3004283
1663	3010416	3013181
1664	3013761	3014081
1665	3022209	3022372
1667	3026511	3029388
1668	3030965	3031086
1670	3031636	3037876
1672	3038399	3039334
1675	3040316	3041683
1679	3043124	3053633
1680	3054812	3054870
1684	3055011	3057774
1685	3058669	3058871
1694	3064303	3079934
1697	3080694	3084208
1698	3084425	3084727
1699	3085883	3086305
1700	3088275	3088368
1701	3089077	3089155
1702	3090851	3090958
1704	3091939	3093119
1709	3096426	3101034
1710	3102391	3102454
1711	3103535	3103735
1713	3104993	3107574
1720	3108464	3126293
1721	3127059	3128199
1724	3129217	3132152
1727	3132846	3136748
1730	3137616	3145918
1732	3146960	3147683
1734	3148569	3150257
1735	3151446	3151584
1737	3152245	3153376
1738	3154541	3154644
1739	3155473	3155671
1747	3156907	3167849
1749	3169856	3170551
1751	3171479	3176136
1752	3177619	3177765
1754	3179604	3180571
1756	3181346	3182861
1757	3183153	3183435
1758	3183988	3184208
1759	3185438	3187902
1761	3189719	3190229
1763	3192548	3192787
1765	3192848	3193162
1766	3193223	3199228
1769	3201152	3202715
1771	3203334	3204484
1772	3205999	3206045
1774	3207510	3208802
1775	3209019	3209128
1776	3210875	3211068
1778	3212911	3213619
1780	3213696	3214800
1782	3215425	3217515
1784	3218896	3219487
1785	3220472	3220654
1786	3225690	3225822
1787	3229262	3229686
1790	3231706	3233981
1791	3237568	3237965
1794	3239211	3243125
1795	3244545	3244673
1796	3245451	3245794
1797	3246845	3246990
1798	3248399	3248583
1799	3248977	3249045
1800	3250033	3250325
1801	3250692	3250932
1803	3251290	3252340
1807	3253230	3265401
1808	3265621	3265875
1809	3266416	3266436
1812	3267625	3273303
1813	3274876	3275023
1815	3275824	3276935
1816	3278713	3279997
1817	3282026	3282191
1818	3285048	3285447
1819	3286033	3286111
1821	3290455	3291421
1824	3295007	3296995
1826	3297515	3297987
1828	3298291	3299506
1833	3302478	3309246
1838	3309421	3316658
1844	3318003	3325811
1846	3326106	3326984
1849	3328419	3331731
1850	3332704	3332930
1853	3333210	3338296
1854	3344483	3344599
1855	3346261	3346473
1857	3347107	3348598
1859	3348720	3352746
1860	3358639	3359197
1861	3359963	3360133
1863	3363211	3364947
1864	3365665	3365848
1868	3366977	3372890
1872	3374259	3378212
1873	3378612	3378764
1875	3381290	3382724
1876	3383196	3383559
1879	3383824	3387541
1884	3388472	3401505
1885	3402481	3403457
1886	3405289	3405396
1887	3407974	3408301
1888	3409590	3409674
1889	3410560	3410642
1891	3410823	3411885
1892	3416160	3416411
1893	3416634	3418155
1896	3421217	3427257
1898	3427813	3431711
1899	3435917	3436045
1906	3436457	3453599
1913	3464243	3475661
1916	3475881	3479310
1917	3482459	3482511
1919	3483382	3484141
1923	3486916	3490589
1924	3491772	3492032
1925	3494900	3495024
1926	3497224	3497469
1927	3497638	3497931
1928	3501975	3502073
1935	3502806	3520892
1937	3523446	3524490
1939	3528675	3530839
1941	3532463	3534833
1942	3535311	3535406
1943	3537729	3538184
1944	3540987	3541188
1946	3542068	3542903
1947	3544222	3544580
1949	3545898	3551106
1951	3553813	3556289
1953	3557889	3560035
1956	3561542	3573093
1961	3573688	3579160
1962	3579650	3579885
1963	3581065	3581505
1964	3582204	3582426
1965	3582583	3582781
1967	3583067	3584965
1970	3585407	3596006
1974	3596391	3602415
1976	3603272	3603773
1977	3604401	3604473
1979	3606673	3607239
1981	3608536	3609887
1982	3611580	3611689
1983	3617013	3617214
1984	3621806	3622400
1987	3623538	3632863
1989	3633917	3635664
1991	3637165	3638133
1992	3638569	3638884
1994	3640355	3643407
1996	3645675	3646550
1998	3648686	3651983
1999	3652551	3652705
2003	3653237	3655017
2004	3655591	3656388
2005	3656917	3657254
2007	3661551	3662886
2011	3662992	3667614
2013	3669265	3670436
2014	3671337	3671384
2015	3672399	3672808
2018	3674132	3677441
2024	3678372	3694480
2026	3697917	3698158
2027	3698225	3698585
2033	3699858	3711114
2035	3712116	3714569
2036	3715230	3715332
2038	3716308	3717500
2039	3717792	3718071
2041	3718285	3718702
2044	3720129	3723909
2049	3724906	3729153
2050	3732925	3733001
2052	3734181	3735519
2053	3737551	3737727
2056	3738982	3740755
2057	3742234	3742350
2059	3748805	3750014
2065	3750990	3760205
2066	3765203	3766199
2068	3766662	3770303
2069	3772218	3772446
2071	3774183	3774687
2072	3775051	3775421
2073	3779041	3779237
2076	3779712	3783282
2080	3787084	3792009
2084	3796231	3806562
2088	3808328	3810753
2089	3812411	3812516
2092	3813114	3814698
2093	3815563	3815782
2094	3816608	3816896
2096	3817515	3819450
2097	3820075	3820128
2099	3825315	3826967
2100	3828360	3828479
2102	3830190	3834244
2103	3834340	3834975
2104	3836161	3836270
2106	3837195	3838237
2109	3838532	3841986
2113	3843754	3851575
2114	3851666	3851944
2116	3853130	3854437
2118	3854888	3858305
2119	3859200	3861921
2123	3862639	3865750
2125	3866084	3867399
2128	3868465	3873460
2132	3874118	3882358
2133	3884746	3884850
2134	3886216	3886457
2135	3886533	3886752
2136	3888169	3888258
2137	3889507	3889637
2138	3891748	3891903
2140	3893242	3894796
2153	3896633	3925177
2155	3926171	3929338
2156	3931208	3931373
2157	3935192	3935316
2159	3937243	3939830
2160	3941534	3941726
2162	3945056	3946108
2164	3946448	3948344
2165	3948581	3950223
2167	3954899	3955992
2169	3957469	3958699
2172	3960722	3963783
2173	3964114	3964439
2174	3965700	3965938
2175	3978720	3978909
2177	3982217	3984454
2179	3984627	3989175
2181	3991723	3992544
2182	3995923	3996005
2184	3998169	3999448
2188	4000400	4002884
2189	4003755	4003886
2191	4006401	4007192
2193	4009999	4011075
2195	4013338	4014453
2196	4015216	4015355
2197	4016784	4016877
2198	4019890	4019967
2200	4022360	4023010
2202	4025252	4029183
2203	4033177	4033553
2204	4035359	4035541
2206	4038660	4040091
2207	4042068	4042221
2209	4043653	4044988
2211	4048031	4049058
2212	4049880	4050067
2216	4051442	4056429
2217	4058254	4058469
2218	4060169	4060269
2223	4061536	4071761
2224	4072659	4072691
2225	4073478	4073575
2226	4076462	4077319
2227	4077533	4077773
2229	4077993	4084038
2230	4084873	4085024
2234	4086081	4095758
2235	4096596	4096668
2237	4097518	4098832
2238	4099454	4099712
2239	4100697	4100844
2241	4101520	4103842
2242	4104344	4104491
2243	4105395	4105574
2244	4106538	4106856
2245	4107847	4107952
2248	4108709	4110337
2249	4110779	4110989
2253	4111745	4116537
2260	4116784	4125035
2263	4125249	4126694
2264	4130291	4130638
2265	4131530	4131857
2266	4134039	4134130
2269	4135037	4140552
2274	4145503	4153023
2276	4156247	4156512
2278	4157431	4159146
2280	4160154	4161661
2281	4164309	4164681
2282	4166224	4166394
2283	4166471	4166663
2284	4169780	4170079
2286	4172071	4173410
2287	4175152	4175380
2288	4176312	4176469
2289	4177607	4178018
2290	4178517	4178582
2291	4178949	4179267
2292	4187597	4187808
2296	4188349	4194925
2297	4198118	4198303
2299	4199285	4199948
2301	4202669	4206169
2302	4207873	4208065
2304	4211641	4212302
2305	4213233	4213500
2306	4216437	4216618
2309	4218356	4221850
2310	4225535	4225753
2312	4227386	4228376
2315	4229250	4231780
2316	4233431	4233928
2318	4237754	4238347
2322	4238759	4244806
2323	4247335	4247576
2324	4248498	4250528
2326	4251912	4254659
2327	4255029	4255137
2328	4257145	4257259
2330	4257470	4258343
2331	4258599	4258621
2332	4259330	4259736
2333	4260730	4260862
2335	4261106	4262336
2336	4264885	4265136
2338	4266331	4267436
2339	4268151	4268260
2341	4269038	4272147
2343	4272685	4273493
2345	4275081	4275491
2347	4275957	4276501
2348	4277852	4278002
2352	4279653	4285786
2353	4292163	4292503
2361	4293818	4311372
2362	4311823	4311890
2367	4312221	4325157
2368	4328262	4328524
2374	4330028	4339933
2375	4341290	4341403
2380	4342814	4349865
2381	4350381	4350606
2390	4351105	4366686
2392	4367164	4368710
2393	4370695	4370831
2396	4371186	4373721
2397	4374289	4374339
2398	4374466	4374575
2399	4374723	4374897
2401	4375216	4380665
2402	4381644	4381861
2405	4384042	4389626
2406	4390173	4390382
2407	4390682	4390914
2409	4390969	4392088
2410	4398226	4398310
2411	4398620	4398694
2412	4402328	4402408
2413	4402607	4402709
2414	4404009	4404212
2415	4407119	4407297
2416	4408030	4408155
2417	4409275	4409324
2418	4412215	4412297
2421	4413924	4414974
2424	4415725	4418002
2426	4422410	4423140
2429	4424581	4426957
2430	4427579	4427886
2434	4429300	4432135
2436	4432517	4434777
2437	4435519	4435729
2439	4436669	4437609
2442	4437817	4440404
2443	4446259	4446469
2445	4447066	4447984
2446	4448942	4449080
2448	4452602	4453807
2450	4455182	4455981
2455	4457335	4465453
2456	4465508	4465647
2462	4468345	4472146
2463	4472741	4472884
2464	4473338	4473459
2466	4475275	4476495
2468	4476913	4477752
2471	4478950	4484240
2473	4486424	4492645
2475	4493210	4494427
2476	4494513	4496294
2477	4497524	4499282
2479	4499613	4502080
2480	4504429	4504470
2484	4504597	4516549
2489	4516826	4525999
2494	4526090	4538979
2495	4539583	4540059
2496	4540657	4541137
2497	4543053	4543118
2499	4547734	4549658
2500	4552385	4552598
2502	4553373	4555015
2504	4555409	4558952
2510	4559508	4569773
2513	4569939	4577857
2516	4577935	4584971
2518	4585887	4589679
2521	4591336	4594012
2525	4595036	4601499
2526	4602226	4602332
2528	4602861	4603826
2531	4604064	4605825
2532	4607347	4607436
2533	4609027	4609418
2535	4612284	4615345
2536	4616126	4616251
2537	4619626	4619791
2539	4621124	4622917
2541	4626571	4628755
2542	4630694	4630782
2544	4631110	4631819
2546	4632468	4633543
2548	4637554	4638424
2549	4638566	4638964
