The best fitness is 0.865567533291059
The sum of Supercoli pos is 1366.
1	4	5	7	10	
12	13	15	16	17	
20	23	24	25	26	
28	29	31	32	33	
34	36	44	46	47	
48	49	50	51	53	
54	56	57	59	60	
61	63	66	67	69	
71	74	75	77	78	
79	80	81	82	83	
84	85	86	87	89	
91	92	93	94	95	
97	100	102	103	104	
106	107	109	110	111	
112	113	114	115	116	
119	120	121	123	125	
127	128	129	131	133	
134	137	138	139	142	
145	152	154	155	162	
163	164	165	166	167	
168	169	170	171	172	
173	174	176	179	180	
185	187	189	192	193	
195	196	197	198	199	
200	201	202	205	209	
211	216	217	221	224	
225	228	229	231	234	
235	236	240	242	245	
247	248	249	250	253	
255	261	262	263	265	
266	267	268	270	271	
272	276	278	279	281	
283	284	287	288	290	
292	293	295	296	297	
300	302	303	304	306	
308	309	310	312	314	
316	321	322	325	328	
329	330	331	332	333	
334	338	339	340	341	
342	345	346	347	348	
353	354	356	358	359	
360	364	365	366	368	
370	371	372	373	375	
379	380	382	383	384	
385	386	387	389	391	
392	395	396	397	398	
400	401	406	408	409	
410	415	417	418	419	
420	421	422	426	427	
431	432	433	435	436	
439	440	441	444	445	
446	447	448	452	453	
455	456	460	461	462	
463	464	465	468	469	
470	472	474	477	478	
479	481	482	485	486	
488	489	492	494	497	
498	499	500	504	506	
507	508	510	511	512	
513	514	515	518	520	
521	523	525	526	528	
529	530	531	533	536	
537	538	540	541	546	
548	549	550	552	553	
554	556	557	559	560	
567	568	569	570	571	
572	573	575	576	577	
579	580	583	589	590	
591	592	594	595	596	
598	600	602	603	605	
606	608	609	610	612	
614	615	618	619	620	
621	623	627	628	632	
633	637	638	639	641	
644	645	648	651	652	
653	655	656	658	660	
661	663	666	669	670	
674	676	678	679	683	
687	688	689	692	693	
694	696	697	700	703	
705	706	707	708	710	
712	714	715	716	720	
721	726	727	729	730	
731	732	733	735	738	
740	741	742	744	747	
749	750	753	754	755	
760	764	765	767	768	
769	770	771	775	777	
778	779	780	781	784	
785	786	787	790	791	
797	800	801	802	803	
804	805	806	807	809	
811	812	814	815	816	
817	818	820	821	822	
823	827	829	830	832	
835	836	837	839	843	
845	850	851	852	853	
855	856	857	858	859	
863	867	870	871	875	
879	880	883	884	885	
887	888	890	891	893	
894	896	897	901	904	
905	906	907	908	909	
911	913	914	916	917	
918	920	921	922	923	
924	926	927	928	930	
931	932	933	935	937	
939	942	944	945	947	
950	951	953	954	955	
956	957	958	960	964	
965	968	969	970	971	
972	973	974	975	978	
983	984	985	987	988	
991	993	994	997	1003	
1004	1005	1008	1009	1011	
1014	1015	1016	1020	1021	
1025	1026	1030	1032	1035	
1036	1037	1039	1040	1041	
1042	1043	1047	1048	1051	
1055	1057	1061	1063	1065	
1071	1074	1075	1076	1077	
1078	1081	1083	1086	1088	
1089	1090	1091	1093	1096	
1100	1102	1104	1105	1106	
1108	1109	1111	1112	1113	
1117	1118	1123	1124	1125	
1126	1127	1129	1130	1131	
1133	1134	1135	1139	1141	
1143	1146	1149	1150	1151	
1152	1154	1155	1157	1159	
1163	1164	1167	1169	1171	
1173	1176	1178	1180	1181	
1184	1185	1188	1189	1190	
1191	1192	1194	1197	1198	
1200	1203	1204	1205	1210	
1213	1215	1217	1219	1220	
1221	1222	1224	1225	1227	
1232	1235	1238	1239	1240	
1243	1246	1248	1249	1252	
1255	1257	1261	1262	1266	
1269	1270	1271	1273	1275	
1276	1279	1281	1283	1284	
1285	1286	1288	1289	1290	
1291	1293	1297	1298	1300	
1306	1307	1308	1311	1312	
1313	1314	1316	1319	1324	
1326	1327	1328	1330	1331	
1334	1335	1337	1338	1339	
1340	1341	1342	1343	1344	
1348	1349	1351	1352	1358	
1359	1361	1363	1364	1365	
1366	1368	1369	1370	1371	
1372	1373	1376	1377	1381	
1382	1383	1384	1386	1387	
1388	1389	1390	1395	1396	
1397	1398	1400	1401	1402	
1405	1409	1412	1414	1415	
1416	1417	1419	1421	1423	
1426	1427	1428	1429	1430	
1431	1432	1433	1434	1435	
1438	1439	1441	1442	1443	
1444	1445	1447	1451	1453	
1454	1456	1458	1462	1465	
1466	1468	1469	1470	1473	
1474	1475	1478	1479	1481	
1482	1483	1484	1485	1486	
1488	1495	1496	1500	1501	
1502	1503	1504	1505	1507	
1508	1509	1510	1512	1513	
1514	1515	1516	1517	1519	
1521	1522	1523	1528	1529	
1530	1532	1533	1534	1537	
1538	1539	1541	1543	1546	
1548	1549	1550	1553	1556	
1557	1561	1562	1564	1565	
1569	1570	1573	1575	1578	
1579	1582	1583	1584	1585	
1587	1590	1595	1596	1598	
1599	1602	1603	1605	1606	
1608	1611	1612	1614	1615	
1616	1617	1618	1619	1620	
1622	1625	1626	1627	1628	
1630	1631	1632	1633	1635	
1636	1638	1640	1641	1642	
1643	1644	1645	1647	1648	
1649	1650	1651	1652	1653	
1655	1656	1657	1658	1659	
1660	1661	1662	1663	1666	
1667	1668	1673	1677	1678	
1680	1681	1682	1684	1686	
1687	1688	1689	1692	1694	
1695	1697	1699	1700	1704	
1705	1706	1707	1708	1709	
1710	1711	1713	1714	1715	
1717	1718	1719	1721	1722	
1723	1729	1730	1732	1734	
1739	1740	1741	1743	1747	
1749	1750	1751	1752	1753	
1755	1756	1758	1760	1764	
1766	1768	1771	1773	1774	
1775	1776	1778	1779	1782	
1783	1784	1786	1787	1788	
1790	1793	1794	1797	1798	
1799	1805	1806	1812	1814	
1816	1817	1819	1820	1821	
1822	1824	1826	1828	1829	
1831	1832	1833	1835	1837	
1840	1843	1844	1846	1847	
1848	1849	1850	1851	1852	
1855	1856	1857	1858	1864	
1866	1869	1876	1877	1880	
1882	1884	1885	1886	1887	
1888	1890	1893	1895	1898	
1900	1902	1903	1904	1905	
1906	1907	1908	1909	1911	
1912	1914	1915	1916	1917	
1921	1923	1925	1926	1927	
1928	1929	1930	1931	1932	
1934	1936	1938	1940	1941	
1942	1943	1945	1950	1951	
1952	1960	1961	1962	1963	
1965	1966	1967	1969	1971	
1974	1976	1977	1978	1979	
1980	1981	1982	1985	1988	
1989	1991	1992	1995	1998	
2000	2002	2005	2006	2009	
2010	2011	2012	2013	2015	
2021	2022	2023	2024	2026	
2027	2028	2029	2032	2033	
2034	2038	2039	2041	2044	
2046	2047	2048	2049	2050	
2051	2052	2053	2057	2059	
2060	2061	2062	2065	2066	
2068	2069	2070	2071	2074	
2075	2077	2080	2081	2083	
2084	2085	2086	2087	2089	
2090	2091	2092	2093	2094	
2096	2100	2101	2102	2104	
2105	2108	2109	2110	2111	
2112	2114	2116	2118	2120	
2123	2124	2126	2128	2131	
2133	2134	2136	2137	2140	
2143	2145	2150	2151	2152	
2153	2155	2160	2164	2166	
2168	2171	2172	2173	2174	
2176	2177	2179	2180	2181	
2183	2184	2189	2190	2191	
2192	2193	2194	2195	2201	
2202	2203	2204	2205	2206	
2207	2209	2210	2214	2215	
2218	2220	2221	2222	2223	
2227	2228	2232	2234	2236	
2238	2239	2242	2243	2244	
2246	2249	2251	2252	2253	
2255	2256	2257	2258	2261	
2262	2264	2265	2266	2267	
2268	2270	2271	2273	2274	
2276	2277	2279	2280	2283	
2284	2285	2286	2288	2291	
2293	2296	2297	2299	2300	
2302	2303	2305	2306	2307	
2309	2311	2314	2315	2316	
2317	2318	2319	2320	2322	
2323	2324	2328	2329	2330	
2332	2333	2335	2336	2338	
2339	2340	2341	2342	2343	
2344	2348	2349	2352	2353	
2354	2358	2360	2361	2362	
2364	2365	2368	2374	2375	
2376	2377	2378	2380	2381	
2383	2384	2385	2386	2387	
2388	2389	2390	2391	2397	
2400	2403	2404	2407	2408	
2410	