1902.159694548583
2258.4568110493356
2385.4606350015483
2376.7397505573604
2376.7397505573604
2426.7422087185087
2443.3113016412644
2418.2052851421968
2436.826890515382
2436.826890515382
Fittest Chromosome has fitness -184.61310948461824
-3.20
0.21
-2.35
0.21
0.53
0.63
-1.20
-0.42
-0.34
1.67
0.19
-1.58
-1.04
0.82
-0.89
1.17
0.27
-1.95
0.14
-0.91
1.93
1.34
1.21
-2.01
-0.66
-1.86
0.05
-0.61
-0.46
0.10
-0.73
0.56
0.64
-1.03
2.32
0.86
-2.19
1.04
2.11
2.78
-1.07
-1.49
-1.50
-0.26
0.77
3.21
-1.91
-0.79
-3.66
1.34
0.49
1.60
1.26
-1.41
0.79
0.05
-0.76
0.27
-0.35
0.67
2.41
0.98
-1.58
1.09
0.65
-0.50
-0.46
1.26
1.75
0.65
-2.47
2.16
1.39
-2.10
0.81
-1.65
-2.99
0.04
1.64
-1.68
0.90
-0.71
1.02
-0.38
-0.19
0.81
-1.53
-0.53
0.78
-0.57
-0.48
0.56
0.12
1.17
1.59
0.23
1.21
-0.36
1.37
-0.32
程序运行时间： 223117ms
