1949.0348778981183
2273.9188252102676
2331.0332985135783
2376.231553132286
2417.2685580019097
2421.262215660593
2421.262215660593
2421.262215660593
2421.262215660593
2421.262215660593
Fittest Chromosome has fitness 200.17778433940703
-1.21
-1.09
-1.01
-0.63
-2.58
0.32
-0.32
-1.31
0.98
1.55
1.52
0.14
-1.22
-0.77
-1.19
-0.68
-0.07
-0.49
0.14
-1.55
1.78
0.54
-0.35
-0.78
1.57
-2.39
-1.95
0.04
2.84
-0.25
0.34
-2.43
1.24
1.89
0.53
2.01
-0.72
0.32
-0.28
0.65
0.03
-1.99
-0.19
1.27
-0.77
0.09
2.56
-0.70
-0.52
-0.64
-0.57
-1.73
0.03
0.21
0.86
-0.70
-0.02
0.48
-0.33
-3.10
-2.30
-1.89
0.10
-2.17
-1.86
-0.74
-0.12
-0.35
-1.79
-0.63
1.50
-2.46
1.17
-0.49
-1.70
2.08
-0.51
-0.02
1.32
-0.34
-1.83
-0.95
-3.40
-2.57
1.27
-0.63
-1.82
1.14
0.20
-2.91
2.01
0.64
2.26
3.22
0.54
1.69
0.60
-1.12
-1.65
-0.64
程序运行时间： 40464ms
