0
58
270
95
103
101
20
47
325
179
324
101
103
327
95
15
269
69
101
69
20
409
20
47
179
281
281
247
324
47
47
15
281
179
179
435
384
270
15
365
324
20
270
149
75
435
365
47
365
327
270
179
20
435
369
403
47
365
58
429
403
101
58
365
75
101
75
69
69
69
435
167
20
101
281
75
369
103
327
103
101
365
179
101
403
69
20
327
20
429
15
179
101
58
369
95
103
20
403
149
179
101
403
103
270
101
15
205
20
327
75
270
101
270
58
247
325
365
324
101
327
269
332
369
265
15
270
101
95
69
103
69
327
167
369
270
325
409
403
58
409
95
429
20
75
409
101
184
101
149
325
270
101
365
269
58
205
365
269
435
69
265
69
69
20
101
327
167
270
179
324
435
205
365
270
201
69
201
201
179
69
20
47
365
184
75
270
247
269
269
324
265
403
365
409
69
270
327
327
403
200
201
75
384
429
205
201
101
429
15
200
409
95
417
20
403
103
332
20
15
201
15
270
179
179
325
201
327
103
101
179
247
103
265
95
435
58
384
69
101
201
270
265
417
369
47
95
247
75
95
69
20
269
324
205
269
403
269
270
304
179
101
332
58
20
265
20
409
95
269
270
270
365
20
369
75
167
179
281
369
20
281
101
327
332
265
269
69
429
47
20
265
69
324
179
47
324
324
15
435
417
332
101
247
304
95
205
247
247
20
281
403
247
265
247
20
327
332
103
332
20
429
75
200
324
325
101
327
47
365
101
324
332
325
47
429
429
324
101
384
281
429
403
69
344
101
369
332
58
369
269
435
101
69
281
270
417
101
47
281
47
369
103
205
324
365
95
179
247
369
247
247
429
247
101
247
47
409
417
58
103
417
20
101
384
149
435
101
325
95
270
270
200
429
75
384
403
265
149
270
365
167
167
403
324
101
417
324
409
409
101
429
95
270
270
417
103
417
75
69
325
95
265
365
95
101
281
15
20
429
429
179
149
95
384
435
270
304
270
269
384
409
324
429
95
95
324
429
324
101
69
417
270
101
384
344
325
