1960.6708774927952
2385.701058746195
2339.553327539276
2362.2801460997002
2374.497088026916
2390.773135256186
2391.009778028179
2391.009778028179
2391.009778028179
2414.3433044350686
Fittest Chromosome has fitness 207.09669556493145
1.94
-0.87
0.02
2.36
0.49
-1.05
-3.04
1.14
0.52
-0.08
-0.22
-1.47
1.50
-2.45
1.15
1.61
-1.39
-0.83
-1.77
-1.07
0.53
1.74
0.14
-2.71
0.66
-1.81
1.94
-0.86
-1.40
0.43
0.48
1.13
0.84
-0.65
-1.18
-2.25
-1.32
0.48
-1.95
-0.42
-1.55
-0.02
0.08
0.09
-1.10
0.03
-1.88
-0.83
0.52
1.68
-1.53
2.09
-0.66
2.59
1.01
-2.07
2.12
0.07
2.51
-1.80
0.54
1.31
-1.01
0.33
-0.30
1.43
-1.50
-0.33
1.50
1.30
1.02
2.82
-2.00
-2.41
1.19
1.34
0.66
0.63
-0.20
-2.15
0.67
0.61
0.82
0.84
0.05
-0.86
0.11
2.33
0.90
-0.41
-1.25
-2.35
-0.88
2.63
0.10
2.11
2.37
-2.79
0.39
1.45
程序运行时间： 235774ms
