?
1
0 2 0 1
450
0 0
1 0
2 0
3 0
4 0
5 0
6 0
7 0
8 0
9 0
10 0
11 0
12 0
13 0
14 0
15 0
16 0
17 0
18 0
19 0
20 0
21 0
22 0
23 0
24 0
25 0
26 0
27 0
28 0
29 0
30 0
31 0
32 0
33 0
34 0
35 0
36 0
37 0
38 0
39 0
40 0
41 0
42 0
43 0
44 0
45 0
46 0
47 0
48 0
49 0
50 0
51 0
52 0
53 0
54 0
55 0
56 0
57 0
58 0
59 0
60 0
61 0
62 0
63 0
64 0
65 0
66 0
67 0
68 0
69 0
70 0
71 0
72 0
73 0
74 0
75 0
76 0
77 0
78 0
79 0
80 0
81 0
82 0
83 0
84 0
85 0
86 0
87 0
88 0
89 0
90 0
91 0
92 0
93 0
94 0
95 0
96 0
97 0
98 0
99 0
100 0
101 0
102 0
103 0
104 0
105 0
106 0
107 0
108 0
109 0
110 0
111 0
112 0
113 0
114 0
115 0
116 0
117 0
118 0
119 0
120 0
121 0
122 0
123 0
124 0
125 0
126 0
127 0
128 0
129 0
130 0
131 0
132 0
133 0
134 0
135 0
136 0
137 0
138 0
139 0
140 0
141 0
142 0
143 0
144 0
145 0
146 0
147 0
148 0
149 0
150 0
151 0
152 0
153 0
154 0
155 0
156 0
157 0
158 0
159 0
160 0
161 0
162 0
163 0
164 0
165 0
166 0
167 0
168 0
169 0
170 0
171 0
172 0
173 0
174 0
175 0
176 0
177 0
178 0
179 0
180 0
181 0
182 0
183 0
184 0
185 0
186 0
187 0
188 0
189 0
190 0
191 0
192 0
193 0
194 0
195 0
196 0
197 0
198 0
199 0
200 0
201 0
202 0
203 0
204 0
205 0
206 0
207 0
208 0
209 0
210 0
211 0
212 0
213 0
214 0
215 0
216 0
217 0
218 0
219 0
220 0
221 0
222 0
223 0
224 0
225 0
226 0
227 0
228 0
229 0
230 0
231 0
232 0
233 0
234 0
235 0
236 0
237 0
238 0
239 0
240 0
241 0
242 0
243 0
244 0
245 0
246 0
247 0
248 0
249 0
250 0
251 0
252 0
253 0
254 0
255 0
256 0
257 0
258 0
259 0
260 0
261 0
262 0
263 0
264 0
265 0
266 0
267 0
268 0
269 0
270 0
271 0
272 0
273 0
274 0
275 0
276 0
277 0
278 0
279 0
280 0
281 0
282 0
283 0
284 0
285 0
286 0
287 0
288 0
289 0
290 0
291 0
292 0
293 0
294 0
295 0
296 0
297 0
298 0
299 0
300 0
301 0
302 0
303 0
304 0
305 0
306 0
307 0
308 0
309 0
310 0
311 0
312 0
313 0
314 0
315 0
316 0
317 0
318 0
319 0
320 0
321 0
322 0
323 0
324 0
325 0
326 0
327 0
328 0
329 0
330 0
331 0
332 0
333 0
334 0
335 0
336 0
337 0
338 0
339 0
340 0
341 0
342 0
343 0
344 0
345 0
346 0
347 0
348 0
349 0
350 0
351 0
352 0
353 0
354 0
355 0
356 0
357 0
358 0
359 0
360 0
361 0
362 0
363 0
364 0
365 0
366 0
367 0
368 0
369 0
370 0
371 0
372 0
373 0
374 0
375 0
376 0
377 0
378 0
379 0
380 0
381 0
382 0
383 0
384 0
385 0
386 0
387 0
388 0
389 0
390 0
391 0
392 0
393 0
394 0
395 0
396 0
397 0
398 0
399 0
400 0
401 0
402 0
403 0
404 0
405 0
406 0
407 0
408 0
409 0
410 0
411 0
412 0
413 0
414 0
415 0
416 0
417 0
418 0
419 0
420 0
421 0
422 0
423 0
424 0
425 0
426 0
427 0
428 0
429 0
430 0
431 0
432 0
433 0
434 0
435 0
436 0
437 0
438 0
439 0
440 0
441 0
442 0
443 0
444 0
445 0
446 0
447 0
448 0
449 0
1
0 1 2 0 0 2 0 1 1 0
5714
2 0 329 0
2 0 366 0
2 0 388 0
2 0 439 0
2 0 187 0
2 0 383 0
2 0 104 0
2 0 96 0
2 0 367 0
2 0 53 0
2 0 62 0
2 0 268 0
2 0 219 0
2 0 444 0
2 0 6 0
2 0 12 0
2 0 186 0
2 0 97 0
2 0 323 0
2 0 84 0
2 0 276 0
2 0 287 0
2 0 178 0
2 0 389 0
2 1 397 0
2 1 159 0
2 1 405 0
2 1 307 0
2 1 198 0
2 1 393 0
2 1 208 0
2 1 324 0
2 1 295 0
2 1 37 0
2 1 98 0
2 1 174 0
2 1 70 0
2 1 217 0
2 1 388 0
2 1 194 0
2 1 180 0
2 1 127 0
2 1 18 0
2 1 229 0
2 2 36 0
2 2 119 0
2 2 256 0
2 2 9 0
2 2 146 0
2 2 428 0
2 2 199 0
2 2 75 0
2 2 330 0
2 2 31 0
2 2 68 0
2 2 209 0
2 2 380 0
2 2 99 0
2 2 295 0
2 2 34 0
2 2 95 0
2 2 261 0
2 2 309 0
2 2 165 0
2 2 141 0
2 2 335 0
2 2 366 0
2 2 338 0
2 2 124 0
2 2 155 0
2 2 371 0
2 2 248 0
2 2 294 0
2 3 331 0
2 3 211 0
2 3 99 0
2 3 25 0
2 3 176 0
2 3 300 0
2 3 156 0
2 3 386 0
2 3 107 0
2 3 415 0
2 3 41 0
2 3 200 0
2 3 106 0
2 3 332 0
2 3 9 0
2 3 345 0
2 3 161 0
2 3 189 0
2 3 95 0
2 3 441 0
2 3 447 0
2 3 125 0
2 3 46 0
2 3 222 0
2 3 369 0
2 3 390 0
2 3 436 0
2 3 112 0
2 3 279 0
2 4 40 0
2 4 130 0
2 4 298 0
2 4 116 0
2 4 447 0
2 4 152 0
2 4 188 0
2 4 413 0
2 4 206 0
2 4 202 0
2 4 31 0
2 4 272 0
2 4 183 0
2 4 310 0
2 4 106 0
2 4 296 0
2 4 392 0
2 4 277 0
2 4 400 0
2 4 220 0
2 4 391 0
2 4 197 0
2 4 36 0
2 4 157 0
2 4 73 0
2 4 290 0
2 4 361 0
2 4 387 0
2 4 408 0
2 5 39 0
2 5 292 0
2 5 48 0
2 5 382 0
2 5 302 0
2 5 37 0
2 5 393 0
2 5 259 0
2 5 341 0
2 5 34 0
2 5 218 0
2 5 251 0
2 5 149 0
2 5 112 0
2 5 282 0
2 5 383 0
2 5 374 0
2 5 202 0
2 5 258 0
2 5 213 0
2 5 264 0
2 5 431 0
2 5 71 0
2 5 32 0
2 5 303 0
2 5 161 0
2 5 17 0
2 5 173 0
2 5 234 0
2 6 372 0
2 6 54 0
2 6 159 0
2 6 282 0
2 6 383 0
2 6 449 0
2 6 335 0
2 6 379 0
2 6 340 0
2 6 115 0
2 6 18 0
2 6 444 0
2 6 12 0
2 6 225 0
2 6 298 0
2 6 184 0
2 6 110 0
2 6 102 0
2 6 388 0
2 6 439 0
2 7 191 0
2 7 325 0
2 7 55 0
2 7 411 0
2 7 304 0
2 7 124 0
2 7 129 0
2 7 223 0
2 7 34 0
2 7 186 0
2 7 384 0
2 7 45 0
2 7 269 0
2 7 160 0
2 7 133 0
2 7 24 0
2 7 440 0
2 7 416 0
2 7 403 0
2 7 390 0
2 7 43 0
2 7 399 0
2 7 165 0
2 7 76 0
2 7 313 0
2 7 109 0
2 8 377 0
2 8 37 0
2 8 262 0
2 8 125 0
2 8 40 0
2 8 344 0
2 8 74 0
2 8 395 0
2 8 42 0
2 8 164 0
2 8 254 0
2 8 390 0
2 8 76 0
2 8 155 0
2 8 101 0
2 8 267 0
2 8 446 0
2 8 152 0
2 8 434 0
2 9 285 0
2 9 343 0
2 9 195 0
2 9 131 0
2 9 442 0
2 9 228 0
2 9 113 0
2 9 15 0
2 9 211 0
2 9 231 0
2 9 102 0
2 9 118 0
2 9 400 0
2 9 206 0
2 9 105 0
2 9 301 0
2 9 277 0
2 9 316 0
2 9 227 0
2 9 338 0
2 9 200 0
2 9 106 0
2 9 332 0
2 10 414 0
2 10 84 0
2 10 392 0
2 10 419 0
2 10 136 0
2 10 27 0
2 10 172 0
2 10 282 0
2 10 383 0
2 10 194 0
2 10 46 0
2 10 402 0
2 10 127 0
2 10 108 0
2 10 304 0
2 10 406 0
2 10 302 0
2 10 168 0
2 10 79 0
2 10 226 0
2 11 167 0
2 11 77 0
2 11 109 0
2 11 282 0
2 11 380 0
2 11 347 0
2 11 223 0
2 11 333 0
2 11 214 0
2 11 384 0
2 11 12 0
2 11 133 0
2 11 114 0
2 11 33 0
2 11 154 0
2 11 53 0
2 11 439 0
2 11 385 0
2 11 40 0
2 11 257 0
2 11 303 0
2 11 159 0
2 11 45 0
2 11 208 0
2 11 354 0
2 11 155 0
2 11 437 0
2 11 28 0
2 11 359 0
2 11 270 0
2 11 102 0
2 11 118 0
2 11 189 0
2 12 403 0
2 12 346 0
2 12 108 0
2 12 223 0
2 12 285 0
2 12 116 0
2 12 335 0
2 12 110 0
2 12 18 0
2 12 384 0
2 12 45 0
2 12 288 0
2 12 299 0
2 12 215 0
2 12 121 0
2 12 313 0
2 12 224 0
2 12 115 0
2 12 341 0
2 12 198 0
2 12 444 0
2 13 422 0
2 13 307 0
2 13 229 0
2 13 409 0
2 13 215 0
2 13 164 0
2 13 225 0
2 13 344 0
2 13 220 0
2 13 95 0
2 13 171 0
2 13 82 0
2 13 435 0
2 13 326 0
2 13 87 0
2 13 74 0
2 13 35 0
2 13 396 0
2 13 49 0
2 13 405 0
2 13 181 0
2 13 295 0
2 13 271 0
2 13 312 0
2 13 254 0
2 14 105 0
2 14 57 0
2 14 342 0
2 14 383 0
2 14 401 0
2 14 332 0
2 14 301 0
2 14 52 0
2 14 440 0
2 14 211 0
2 14 357 0
2 14 273 0
2 14 285 0
2 14 191 0
2 14 277 0
2 14 71 0
2 14 392 0
2 14 48 0
2 14 15 0
2 14 226 0
2 14 127 0
2 14 170 0
2 14 141 0
2 14 387 0
2 14 272 0
2 14 163 0
2 14 195 0
2 14 337 0
2 14 158 0
2 14 350 0
2 15 291 0
2 15 124 0
2 15 201 0
2 15 316 0
2 15 137 0
2 15 58 0
2 15 234 0
2 15 42 0
2 15 168 0
2 15 239 0
2 15 46 0
2 15 228 0
2 15 349 0
2 15 113 0
2 15 136 0
2 15 232 0
2 15 313 0
2 15 406 0
2 15 122 0
2 15 403 0
2 15 226 0
2 15 127 0
2 15 108 0
2 15 394 0
2 16 412 0
2 16 77 0
2 16 200 0
2 16 257 0
2 16 104 0
2 16 322 0
2 16 143 0
2 16 315 0
2 16 347 0
2 16 339 0
2 16 310 0
2 16 425 0
2 16 167 0
2 16 48 0
2 16 374 0
2 16 90 0
2 16 437 0
2 16 413 0
2 16 274 0
2 17 353 0
2 17 198 0
2 17 378 0
2 17 309 0
2 17 108 0
2 17 214 0
2 17 50 0
2 17 288 0
2 17 385 0
2 17 166 0
2 17 18 0
2 17 79 0
2 17 280 0
2 17 51 0
2 17 161 0
2 17 173 0
2 17 234 0
2 18 49 0
2 18 215 0
2 18 110 0
2 18 385 0
2 18 166 0
2 18 176 0
2 18 237 0
2 18 205 0
2 18 171 0
2 18 352 0
2 18 409 0
2 18 395 0
2 18 411 0
2 18 319 0
2 18 230 0
2 18 251 0
2 18 130 0
2 18 111 0
2 18 139 0
2 18 180 0
2 18 127 0
2 18 229 0
2 19 93 0
2 19 440 0
2 19 56 0
2 19 232 0
2 19 313 0
2 19 172 0
2 19 260 0
2 19 216 0
2 19 62 0
2 19 350 0
2 19 46 0
2 19 41 0
2 19 42 0
2 19 117 0
2 19 428 0
2 19 80 0
2 19 126 0
2 19 167 0
2 19 318 0
2 19 360 0
2 19 176 0
2 19 57 0
2 19 203 0
2 20 393 0
2 20 137 0
2 20 201 0
2 20 317 0
2 20 57 0
2 20 62 0
2 20 288 0
2 20 291 0
2 20 223 0
2 20 394 0
2 20 169 0
2 20 178 0
2 20 389 0
2 20 21 0
2 20 362 0
2 20 173 0
2 20 54 0
2 20 111 0
2 20 217 0
2 20 273 0
2 20 104 0
2 21 130 0
2 21 228 0
2 21 43 0
2 21 233 0
2 21 423 0
2 21 333 0
2 21 142 0
2 21 58 0
2 21 178 0
2 21 389 0
2 21 232 0
2 21 223 0
2 21 34 0
2 21 355 0
2 21 52 0
2 21 138 0
2 21 89 0
2 21 412 0
2 21 218 0
2 21 59 0
2 21 245 0
2 21 322 0
2 21 323 0
2 21 264 0
2 22 321 0
2 22 206 0
2 22 443 0
2 22 353 0
2 22 91 0
2 22 173 0
2 22 316 0
2 22 83 0
2 22 404 0
2 22 339 0
2 22 335 0
2 22 59 0
2 22 445 0
2 22 211 0
2 22 96 0
2 22 154 0
2 22 431 0
2 22 263 0
2 22 244 0
2 23 294 0
2 23 410 0
2 23 291 0
2 23 57 0
2 23 114 0
2 23 335 0
2 23 135 0
2 23 226 0
2 23 336 0
2 23 397 0
2 23 384 0
2 23 205 0
2 23 171 0
2 23 172 0
2 23 330 0
2 23 121 0
2 23 282 0
2 23 420 0
2 23 221 0
2 23 62 0
2 23 392 0
2 23 204 0
2 23 230 0
2 24 55 0
2 24 358 0
2 24 316 0
2 24 325 0
2 24 146 0
2 24 415 0
2 24 66 0
2 24 222 0
2 24 363 0
2 24 235 0
2 24 406 0
2 24 32 0
2 24 416 0
2 24 133 0
2 24 145 0
2 24 61 0
2 24 200 0
2 24 196 0
2 24 342 0
2 24 248 0
2 25 317 0
2 25 57 0
2 25 283 0
2 25 446 0
2 25 252 0
2 25 148 0
2 25 52 0
2 25 397 0
2 25 293 0
2 25 209 0
2 25 32 0
2 25 393 0
2 25 439 0
2 25 86 0
2 25 227 0
2 25 248 0
2 25 132 0
2 25 173 0
2 25 372 0
2 25 123 0
2 25 434 0
2 25 266 0
2 25 183 0
2 25 324 0
2 25 176 0
2 25 147 0
2 25 337 0
2 25 338 0
2 25 99 0
2 25 398 0
2 25 234 0
2 25 412 0
2 25 308 0
2 25 224 0
2 25 356 0
2 25 322 0
2 25 323 0
2 25 174 0
2 26 60 0
2 26 114 0
2 26 400 0
2 26 143 0
2 26 284 0
2 26 175 0
2 26 297 0
2 26 138 0
2 26 179 0
2 26 65 0
2 26 207 0
2 26 413 0
2 26 429 0
2 26 285 0
2 26 387 0
2 26 253 0
2 26 359 0
2 26 290 0
2 26 27 0
2 26 58 0
2 26 54 0
2 27 285 0
2 27 324 0
2 27 251 0
2 27 136 0
2 27 238 0
2 27 434 0
2 27 361 0
2 27 418 0
2 27 290 0
2 27 58 0
2 27 54 0
2 28 217 0
2 28 212 0
2 28 179 0
2 28 351 0
2 28 255 0
2 28 102 0
2 28 269 0
2 28 90 0
2 28 286 0
2 28 345 0
2 28 341 0
2 28 205 0
2 28 171 0
2 28 442 0
2 28 155 0
2 28 359 0
2 28 210 0
2 28 236 0
2 28 437 0
2 28 449 0
2 28 195 0
2 28 401 0
2 28 327 0
2 28 89 0
2 29 403 0
2 29 68 0
2 29 300 0
2 29 30 0
2 29 331 0
2 29 292 0
2 29 171 0
2 29 352 0
2 29 288 0
2 29 256 0
2 29 407 0
2 29 63 0
2 29 390 0
2 29 230 0
2 29 341 0
2 29 397 0
2 29 293 0
2 30 259 0
2 30 364 0
2 30 421 0
2 30 342 0
2 30 151 0
2 30 257 0
2 30 144 0
2 30 348 0
2 30 254 0
2 30 369 0
2 30 241 0
2 30 331 0
2 30 332 0
2 30 273 0
2 30 194 0
2 31 433 0
2 31 343 0
2 31 362 0
2 31 58 0
2 31 239 0
2 31 179 0
2 31 404 0
2 31 330 0
2 31 348 0
2 31 258 0
2 31 64 0
2 31 68 0
2 31 209 0
2 31 214 0
2 31 105 0
2 31 153 0
2 31 169 0
2 31 229 0
2 31 92 0
2 31 133 0
2 31 114 0
2 31 220 0
2 31 272 0
2 31 73 0
2 31 274 0
2 31 215 0
2 31 333 0
2 31 124 0
2 31 110 0
2 31 49 0
2 31 445 0
2 31 182 0
2 31 243 0
2 31 409 0
2 32 66 0
2 32 240 0
2 32 123 0
2 32 154 0
2 32 180 0
2 32 70 0
2 32 186 0
2 32 69 0
2 32 213 0
2 32 239 0
2 32 49 0
2 32 405 0
2 32 181 0
2 32 235 0
2 32 291 0
2 32 393 0
2 32 439 0
2 32 170 0
2 32 411 0
2 32 406 0
2 32 339 0
2 32 410 0
2 32 209 0
2 32 115 0
2 32 429 0
2 32 230 0
2 32 71 0
2 32 303 0
2 32 285 0
2 32 296 0
2 32 33 0
2 32 244 0
2 33 147 0
2 33 330 0
2 33 64 0
2 33 150 0
2 33 75 0
2 33 430 0
2 33 80 0
2 33 241 0
2 33 142 0
2 33 346 0
2 33 170 0
2 33 411 0
2 33 257 0
2 33 154 0
2 33 372 0
2 33 262 0
2 33 424 0
2 33 165 0
2 33 334 0
2 33 425 0
2 33 376 0
2 33 285 0
2 33 296 0
2 33 244 0
2 34 108 0
2 34 275 0
2 34 431 0
2 34 342 0
2 34 338 0
2 34 251 0
2 34 113 0
2 34 300 0
2 34 426 0
2 34 390 0
2 34 346 0
2 34 372 0
2 34 95 0
2 34 261 0
2 34 356 0
2 34 232 0
2 34 223 0
2 34 435 0
2 34 326 0
2 34 177 0
2 34 448 0
2 35 184 0
2 35 36 0
2 35 306 0
2 35 414 0
2 35 216 0
2 35 61 0
2 35 262 0
2 35 352 0
2 35 123 0
2 35 68 0
2 35 299 0
2 35 343 0
2 35 189 0
2 35 74 0
2 35 302 0
2 35 417 0
2 35 128 0
2 35 72 0
2 35 243 0
2 35 409 0
2 35 396 0
2 35 172 0
2 35 293 0
2 35 209 0
2 35 241 0
2 35 437 0
2 35 143 0
2 35 179 0
2 35 126 0
2 35 77 0
2 35 218 0
2 35 329 0
2 36 92 0
2 36 247 0
2 36 284 0
2 36 253 0
2 36 124 0
2 36 375 0
2 36 448 0
2 36 67 0
2 36 358 0
2 36 174 0
2 36 265 0
2 36 272 0
2 36 64 0
2 36 163 0
2 36 349 0
2 36 373 0
2 36 244 0
2 36 260 0
2 36 337 0
2 36 338 0
2 36 157 0
2 36 73 0
2 36 69 0
2 36 150 0
2 36 427 0
2 36 40 0
2 36 362 0
2 36 173 0
2 36 54 0
2 37 111 0
2 37 336 0
2 37 278 0
2 37 213 0
2 37 264 0
2 37 341 0
2 37 393 0
2 37 84 0
2 37 226 0
2 37 188 0
2 37 429 0
2 37 98 0
2 37 174 0
2 38 77 0
2 38 121 0
2 38 186 0
2 38 187 0
2 38 250 0
2 38 80 0
2 38 129 0
2 38 260 0
2 38 340 0
2 38 161 0
2 38 302 0
2 38 219 0
2 38 345 0
2 38 71 0
2 38 64 0
2 38 175 0
2 38 309 0
2 38 435 0
2 38 326 0
2 38 412 0
2 38 39 0
2 38 430 0
2 38 231 0
2 38 192 0
2 38 424 0
2 38 245 0
2 38 291 0
2 38 244 0
2 38 305 0
2 38 401 0
2 38 417 0
2 38 334 0
2 39 153 0
2 39 160 0
2 39 237 0
2 39 378 0
2 39 365 0
2 39 356 0
2 39 340 0
2 39 161 0
2 39 132 0
2 39 263 0
2 39 70 0
2 39 106 0
2 39 62 0
2 39 250 0
2 39 86 0
2 39 227 0
2 39 275 0
2 39 346 0
2 39 102 0
2 39 412 0
2 39 430 0
2 39 232 0
2 39 43 0
2 39 185 0
2 39 46 0
2 39 402 0
2 39 285 0
2 39 206 0
2 39 292 0
2 39 60 0
2 39 386 0
2 39 287 0
2 39 268 0
2 40 371 0
2 40 234 0
2 40 191 0
2 40 229 0
2 40 233 0
2 40 126 0
2 40 347 0
2 40 396 0
2 40 293 0
2 40 119 0
2 40 216 0
2 40 267 0
2 40 344 0
2 40 281 0
2 40 262 0
2 40 98 0
2 40 133 0
2 40 114 0
2 40 257 0
2 40 303 0
2 40 159 0
2 40 362 0
2 40 173 0
2 40 54 0
2 41 305 0
2 41 402 0
2 41 294 0
2 41 420 0
2 41 337 0
2 41 273 0
2 41 195 0
2 41 427 0
2 41 438 0
2 41 42 0
2 41 132 0
2 41 83 0
2 41 314 0
2 41 433 0
2 41 153 0
2 41 129 0
2 41 80 0
2 41 157 0
2 41 343 0
2 41 415 0
2 41 222 0
2 41 369 0
2 41 190 0
2 41 312 0
2 41 258 0
2 41 244 0
2 42 433 0
2 42 46 0
2 42 344 0
2 42 259 0
2 42 164 0
2 42 80 0
2 42 188 0
2 42 184 0
2 42 70 0
2 42 271 0
2 42 368 0
2 42 156 0
2 42 278 0
2 42 439 0
2 42 245 0
2 42 381 0
2 42 98 0
2 42 444 0
2 43 219 0
2 43 180 0
2 43 356 0
2 43 445 0
2 43 300 0
2 43 66 0
2 43 237 0
2 43 350 0
2 43 347 0
2 43 440 0
2 43 309 0
2 43 165 0
2 43 321 0
2 43 125 0
2 43 406 0
2 43 122 0
2 43 129 0
2 43 232 0
2 43 185 0
2 43 390 0
2 43 76 0
2 43 399 0
2 44 83 0
2 44 250 0
2 44 70 0
2 44 347 0
2 44 313 0
2 44 160 0
2 44 346 0
2 44 256 0
2 44 182 0
2 44 308 0
2 44 171 0
2 44 351 0
2 44 257 0
2 44 430 0
2 44 441 0
2 44 357 0
2 44 325 0
2 44 416 0
2 44 187 0
2 44 423 0
2 45 282 0
2 45 274 0
2 45 362 0
2 45 133 0
2 45 357 0
2 45 353 0
2 45 49 0
2 45 101 0
2 45 267 0
2 45 278 0
2 45 384 0
2 45 367 0
2 45 159 0
2 45 191 0
2 45 187 0
2 45 123 0
2 45 164 0
2 45 371 0
2 45 102 0
2 45 208 0
2 45 354 0
2 46 273 0
2 46 419 0
2 46 312 0
2 46 239 0
2 46 359 0
2 46 83 0
2 46 240 0
2 46 132 0
2 46 294 0
2 46 79 0
2 46 428 0
2 46 350 0
2 46 63 0
2 46 414 0
2 46 402 0
2 46 268 0
2 46 235 0
2 46 363 0
2 46 449 0
2 46 125 0
2 46 222 0
2 46 369 0
2 47 75 0
2 47 426 0
2 47 73 0
2 47 343 0
2 47 201 0
2 47 190 0
2 47 163 0
2 47 174 0
2 47 85 0
2 47 104 0
2 47 360 0
2 47 86 0
2 47 91 0
2 47 264 0
2 47 179 0
2 47 125 0
2 47 316 0
2 47 253 0
2 47 89 0
2 47 80 0
2 47 311 0
2 47 433 0
2 47 84 0
2 48 105 0
2 48 351 0
2 48 284 0
2 48 387 0
2 48 191 0
2 48 277 0
2 48 71 0
2 48 420 0
2 48 131 0
2 48 52 0
2 48 104 0
2 48 90 0
2 48 196 0
2 48 425 0
2 48 167 0
2 48 210 0
2 48 81 0
2 48 162 0
2 48 374 0
2 48 340 0
2 48 186 0
2 48 392 0
2 48 194 0
2 49 135 0
2 49 225 0
2 49 238 0
2 49 357 0
2 49 353 0
2 49 411 0
2 49 302 0
2 49 128 0
2 49 405 0
2 49 181 0
2 49 110 0
2 49 182 0
2 49 243 0
2 50 76 0
2 50 314 0
2 50 346 0
2 50 319 0
2 50 68 0
2 50 209 0
2 50 436 0
2 50 177 0
2 50 387 0
2 50 138 0
2 50 89 0
2 50 418 0
2 50 288 0
2 50 377 0
2 50 98 0
2 50 307 0
2 50 193 0
2 50 429 0
2 50 94 0
2 50 166 0
2 50 287 0
2 50 256 0
2 50 272 0
2 50 73 0
2 51 249 0
2 51 55 0
2 51 93 0
2 51 107 0
2 51 108 0
2 51 60 0
2 51 287 0
2 51 377 0
2 51 188 0
2 51 309 0
2 51 165 0
2 51 364 0
2 51 390 0
2 51 79 0
2 51 280 0
2 51 373 0
2 51 64 0
2 51 170 0
2 51 197 0
2 51 283 0
2 51 414 0
2 52 136 0
2 52 135 0
2 52 189 0
2 52 228 0
2 52 369 0
2 52 408 0
2 52 274 0
2 52 209 0
2 52 356 0
2 52 420 0
2 52 131 0
2 52 318 0
2 52 199 0
2 52 75 0
2 52 179 0
2 52 60 0
2 52 379 0
2 52 70 0
2 52 361 0
2 52 355 0
2 52 138 0
2 52 89 0
2 53 169 0
2 53 349 0
2 53 191 0
2 53 366 0
2 53 207 0
2 53 370 0
2 53 79 0
2 53 190 0
2 53 186 0
2 53 97 0
2 53 385 0
2 53 365 0
2 53 356 0
2 53 322 0
2 53 439 0
2 54 200 0
2 54 380 0
2 54 96 0
2 54 116 0
2 54 283 0
2 54 110 0
2 54 386 0
2 54 132 0
2 54 206 0
2 54 425 0
2 54 196 0
2 54 72 0
2 54 135 0
2 54 291 0
2 54 417 0
2 54 398 0
2 54 410 0
2 54 361 0
2 54 412 0
2 54 63 0
2 54 362 0
2 54 173 0
2 54 290 0
2 54 58 0
2 55 321 0
2 55 364 0
2 55 231 0
2 55 411 0
2 55 249 0
2 55 138 0
2 55 359 0
2 55 247 0
2 55 83 0
2 55 134 0
2 55 139 0
2 55 141 0
2 55 182 0
2 56 442 0
2 56 134 0
2 56 440 0
2 56 299 0
2 56 215 0
2 56 169 0
2 56 144 0
2 56 210 0
2 56 364 0
2 56 172 0
2 56 304 0
2 56 100 0
2 56 352 0
2 56 325 0
2 56 262 0
2 56 278 0
2 56 259 0
2 57 85 0
2 57 61 0
2 57 310 0
2 57 305 0
2 57 194 0
2 57 289 0
2 57 355 0
2 57 286 0
2 57 119 0
2 57 291 0
2 57 293 0
2 57 209 0
2 57 190 0
2 57 66 0
2 57 113 0
2 57 189 0
2 57 360 0
2 57 176 0
2 57 203 0
2 57 80 0
2 57 401 0
2 57 383 0
2 57 104 0
2 58 137 0
2 58 86 0
2 58 414 0
2 58 356 0
2 58 270 0
2 58 371 0
2 58 421 0
2 58 252 0
2 58 367 0
2 58 210 0
2 58 234 0
2 58 105 0
2 58 211 0
2 58 295 0
2 58 361 0
2 58 142 0
2 58 144 0
2 58 165 0
2 58 141 0
2 58 362 0
2 58 324 0
2 58 290 0
2 59 290 0
2 59 206 0
2 59 110 0
2 59 106 0
2 59 438 0
2 59 200 0
2 59 77 0
2 59 328 0
2 59 175 0
2 59 443 0
2 59 265 0
2 59 85 0
2 59 286 0
2 59 211 0
2 59 422 0
2 59 445 0
2 59 355 0
2 59 291 0
2 59 225 0
2 59 186 0
2 59 187 0
2 59 245 0
2 59 412 0
2 59 218 0
2 59 170 0
2 59 411 0
2 59 367 0
2 59 213 0
2 59 350 0
2 59 226 0
2 59 307 0
2 59 103 0
2 60 409 0
2 60 248 0
2 60 289 0
2 60 321 0
2 60 382 0
2 60 212 0
2 60 69 0
2 60 116 0
2 60 133 0
2 60 294 0
2 60 407 0
2 60 423 0
2 60 404 0
2 60 411 0
2 60 313 0
2 60 138 0
2 60 206 0
2 60 202 0
2 60 168 0
2 60 179 0
2 60 296 0
2 60 122 0
2 60 386 0
2 60 287 0
2 60 268 0
2 61 172 0
2 61 417 0
2 61 262 0
2 61 429 0
2 61 203 0
2 61 393 0
2 61 79 0
2 61 370 0
2 61 248 0
2 61 139 0
2 61 145 0
2 61 258 0
2 61 244 0
2 61 260 0
2 61 140 0
2 61 147 0
2 61 213 0
2 61 365 0
2 61 327 0
2 61 298 0
2 62 383 0
2 62 336 0
2 62 379 0
2 62 88 0
2 62 178 0
2 62 111 0
2 62 360 0
2 62 446 0
2 62 113 0
2 62 394 0
2 62 260 0
2 62 216 0
2 62 106 0
2 62 420 0
2 62 314 0
2 62 255 0
2 62 331 0
2 62 268 0
2 62 219 0
2 62 190 0
2 62 221 0
2 62 293 0
2 62 119 0
2 63 187 0
2 63 292 0
2 63 130 0
2 63 290 0
2 63 91 0
2 63 146 0
2 63 182 0
2 63 209 0
2 63 256 0
2 63 390 0
2 63 201 0
2 63 407 0
2 63 389 0
2 63 144 0
2 63 300 0
2 63 414 0
2 63 125 0
2 63 425 0
2 63 196 0
2 63 395 0
2 63 141 0
2 63 255 0
2 63 185 0
2 63 246 0
2 63 324 0
2 63 335 0
2 63 366 0
2 63 297 0
2 63 299 0
2 63 140 0
2 63 421 0
2 63 72 0
2 63 119 0
2 63 410 0
2 63 361 0
2 63 412 0
2 64 420 0
2 64 391 0
2 64 137 0
2 64 386 0
2 64 148 0
2 64 85 0
2 64 131 0
2 64 330 0
2 64 92 0
2 64 417 0
2 64 175 0
2 64 156 0
2 64 312 0
2 64 258 0
2 64 150 0
2 64 427 0
2 64 280 0
2 64 197 0
2 64 270 0
2 64 281 0
2 64 82 0
2 64 373 0
2 65 296 0
2 65 114 0
2 65 91 0
2 65 116 0
2 65 361 0
2 65 198 0
2 65 181 0
2 65 122 0
2 65 203 0
2 65 271 0
2 65 302 0
2 65 308 0
2 65 332 0
2 65 93 0
2 65 109 0
2 65 312 0
2 65 258 0
2 65 334 0
2 65 423 0
2 65 386 0
2 65 222 0
2 65 273 0
2 65 292 0
2 65 88 0
2 65 224 0
2 65 207 0
2 65 413 0
2 65 429 0
2 66 417 0
2 66 393 0
2 66 213 0
2 66 302 0
2 66 204 0
2 66 410 0
2 66 300 0
2 66 237 0
2 66 403 0
2 66 209 0
2 66 158 0
2 66 374 0
2 66 185 0
2 66 190 0
2 66 113 0
2 66 189 0
2 66 415 0
2 66 147 0
2 66 123 0
2 66 74 0
2 67 423 0
2 67 304 0
2 67 370 0
2 67 151 0
2 67 358 0
2 67 320 0
2 67 250 0
2 67 266 0
2 67 448 0
2 67 425 0
2 67 376 0
2 67 88 0
2 67 134 0
2 67 325 0
2 67 434 0
2 67 178 0
2 67 209 0
2 67 205 0
2 67 315 0
2 67 261 0
2 67 268 0
2 67 129 0
2 68 227 0
2 68 337 0
2 68 256 0
2 68 206 0
2 68 361 0
2 68 396 0
2 68 251 0
2 68 299 0
2 68 117 0
2 68 119 0
2 68 130 0
2 68 85 0
2 68 196 0
2 68 342 0
2 68 389 0
2 68 120 0
2 68 431 0
2 68 112 0
2 68 209 0
2 69 78 0
2 69 193 0
2 69 418 0
2 69 240 0
2 69 152 0
2 69 188 0
2 69 116 0
2 69 391 0
2 69 303 0
2 69 413 0
2 69 330 0
2 69 121 0
2 69 372 0
2 69 420 0
2 69 401 0
2 69 417 0
2 69 150 0
2 69 427 0
2 70 264 0
2 70 307 0
2 70 269 0
2 70 154 0
2 70 127 0
2 70 203 0
2 70 132 0
2 70 263 0
2 70 271 0
2 70 368 0
2 70 379 0
2 70 361 0
2 70 91 0
2 70 317 0
2 70 348 0
2 70 181 0
2 70 392 0
2 70 318 0
2 70 109 0
2 70 217 0
2 70 388 0
2 70 194 0
2 71 199 0
2 71 429 0
2 71 254 0
2 71 149 0
2 71 122 0
2 71 133 0
2 71 340 0
2 71 358 0
2 71 204 0
2 71 230 0
2 71 302 0
2 71 219 0
2 71 212 0
2 71 298 0
2 71 424 0
2 71 345 0
2 71 139 0
2 71 120 0
2 71 392 0
2 71 209 0
2 71 115 0
2 71 303 0
2 72 311 0
2 72 153 0
2 72 315 0
2 72 380 0
2 72 191 0
2 72 304 0
2 72 333 0
2 72 214 0
2 72 270 0
2 72 144 0
2 72 300 0
2 72 94 0
2 72 320 0
2 72 81 0
2 72 85 0
2 72 265 0
2 72 306 0
2 72 423 0
2 72 409 0
2 72 425 0
2 72 196 0
2 72 243 0
2 72 229 0
2 72 255 0
2 72 324 0
2 72 140 0
2 72 421 0
2 72 119 0
2 73 184 0
2 73 162 0
2 73 130 0
2 73 311 0
2 73 387 0
2 73 364 0
2 73 94 0
2 73 315 0
2 73 376 0
2 73 211 0
2 73 267 0
2 73 256 0
2 73 157 0
2 73 220 0
2 73 272 0
2 73 274 0
2 74 226 0
2 74 238 0
2 74 215 0
2 74 395 0
2 74 305 0
2 74 401 0
2 74 396 0
2 74 125 0
2 74 425 0
2 74 376 0
2 74 427 0
2 74 270 0
2 74 371 0
2 74 92 0
2 74 348 0
2 74 415 0
2 74 147 0
2 74 123 0
2 75 336 0
2 75 156 0
2 75 424 0
2 75 84 0
2 75 426 0
2 75 407 0
2 75 428 0
2 75 182 0
2 75 423 0
2 75 318 0
2 75 199 0
2 75 352 0
2 75 198 0
2 75 314 0
2 75 246 0
2 76 277 0
2 76 99 0
2 76 308 0
2 76 123 0
2 76 434 0
2 76 385 0
2 76 254 0
2 76 160 0
2 76 259 0
2 76 275 0
2 76 187 0
2 76 97 0
2 76 143 0
2 76 269 0
2 76 390 0
2 76 399 0
2 76 165 0
2 76 313 0
2 76 109 0
2 77 398 0
2 77 351 0
2 77 260 0
2 77 210 0
2 77 236 0
2 77 308 0
2 77 404 0
2 77 330 0
2 77 126 0
2 77 218 0
2 77 329 0
2 78 429 0
2 78 256 0
2 78 266 0
2 78 270 0
2 78 371 0
2 78 92 0
2 78 300 0
2 78 426 0
2 78 317 0
2 78 310 0
2 78 225 0
2 78 96 0
2 78 202 0
2 78 339 0
2 78 85 0
2 78 376 0
2 78 427 0
2 78 159 0
2 79 131 0
2 79 278 0
2 79 100 0
2 79 321 0
2 79 190 0
2 79 437 0
2 79 388 0
2 79 402 0
2 79 280 0
2 79 393 0
2 79 370 0
2 79 168 0
2 79 226 0
2 80 131 0
2 80 359 0
2 80 422 0
2 80 152 0
2 80 148 0
2 80 244 0
2 80 103 0
2 80 117 0
2 80 428 0
2 80 153 0
2 80 129 0
2 80 239 0
2 80 317 0
2 80 157 0
2 80 343 0
2 80 253 0
2 80 89 0
2 80 221 0
2 80 242 0
2 80 108 0
2 80 124 0
2 80 311 0
2 80 433 0
2 80 84 0
2 80 417 0
2 80 218 0
2 80 149 0
2 80 401 0
2 80 383 0
2 80 104 0
2 81 90 0
2 81 430 0
2 81 205 0
2 81 428 0
2 81 252 0
2 81 148 0
2 81 89 0
2 81 435 0
2 81 314 0
2 81 319 0
2 81 95 0
2 81 333 0
2 81 158 0
2 81 432 0
2 81 323 0
2 81 354 0
2 81 342 0
2 81 338 0
2 81 94 0
2 81 320 0
2 81 315 0
2 81 138 0
2 81 449 0
2 81 210 0
2 81 162 0
2 81 374 0
2 82 396 0
2 82 283 0
2 82 171 0
2 82 103 0
2 82 149 0
2 82 95 0
2 82 193 0
2 82 429 0
2 82 320 0
2 82 270 0
2 82 281 0
2 82 373 0
2 83 224 0
2 83 362 0
2 83 137 0
2 83 357 0
2 83 134 0
2 83 156 0
2 83 410 0
2 83 246 0
2 83 404 0
2 83 240 0
2 83 316 0
2 83 132 0
2 83 376 0
2 83 247 0
2 83 314 0
2 84 345 0
2 84 416 0
2 84 246 0
2 84 331 0
2 84 100 0
2 84 171 0
2 84 442 0
2 84 226 0
2 84 98 0
2 84 191 0
2 84 116 0
2 84 217 0
2 84 208 0
2 84 361 0
2 84 207 0
2 84 196 0
2 84 162 0
2 84 255 0
2 84 151 0
2 84 247 0
2 84 435 0
2 84 146 0
2 84 186 0
2 84 97 0
2 84 323 0
2 84 311 0
2 84 433 0
2 85 289 0
2 85 213 0
2 85 263 0
2 85 399 0
2 85 106 0
2 85 332 0
2 85 286 0
2 85 148 0
2 85 131 0
2 85 317 0
2 85 438 0
2 85 348 0
2 85 383 0
2 85 284 0
2 85 423 0
2 85 157 0
2 85 433 0
2 85 174 0
2 85 196 0
2 85 342 0
2 85 389 0
2 85 376 0
2 85 427 0
2 85 159 0
2 86 338 0
2 86 137 0
2 86 418 0
2 86 317 0
2 86 252 0
2 86 148 0
2 86 140 0
2 86 407 0
2 86 243 0
2 86 229 0
2 86 379 0
2 86 250 0
2 86 104 0
2 86 360 0
2 86 365 0
2 86 342 0
2 86 248 0
2 86 114 0
2 86 135 0
2 86 227 0
2 86 158 0
2 86 284 0
2 87 101 0
2 87 211 0
2 87 348 0
2 87 216 0
2 87 283 0
2 87 324 0
2 87 435 0
2 87 205 0
2 87 441 0
2 87 193 0
2 87 438 0
2 87 239 0
2 87 350 0
2 87 215 0
2 87 326 0
2 87 168 0
2 87 259 0
2 88 155 0
2 88 145 0
2 88 331 0
2 88 165 0
2 88 287 0
2 88 96 0
2 88 314 0
2 88 255 0
2 88 160 0
2 88 161 0
2 88 134 0
2 88 325 0
2 88 379 0
2 88 250 0
2 88 177 0
2 88 240 0
2 88 381 0
2 88 292 0
2 88 224 0
2 88 185 0
2 88 199 0
2 88 300 0
2 88 156 0
2 88 402 0
2 88 289 0
2 89 363 0
2 89 351 0
2 89 212 0
2 89 435 0
2 89 207 0
2 89 140 0
2 89 331 0
2 89 165 0
2 89 387 0
2 89 432 0
2 89 143 0
2 89 255 0
2 89 345 0
2 89 341 0
2 89 311 0
2 89 355 0
2 89 138 0
2 89 375 0
2 89 216 0
2 89 267 0
2 89 368 0
2 89 125 0
2 89 316 0
2 89 253 0
2 89 195 0
2 89 401 0
2 89 327 0
2 90 106 0
2 90 261 0
2 90 214 0
2 90 329 0
2 90 286 0
2 90 442 0
2 90 102 0
2 90 388 0
2 90 439 0
2 90 104 0
2 90 196 0
2 90 351 0
2 90 347 0
2 90 403 0
2 90 441 0
2 90 242 0
2 90 173 0
2 90 437 0
2 90 413 0
2 90 274 0
2 91 292 0
2 91 137 0
2 91 154 0
2 91 295 0
2 91 202 0
2 91 438 0
2 91 158 0
2 91 173 0
2 91 407 0
2 91 203 0
2 91 379 0
2 91 444 0
2 91 180 0
2 91 433 0
2 91 264 0
2 91 317 0
2 91 348 0
2 91 405 0
2 91 227 0
2 91 248 0
2 91 114 0
2 92 168 0
2 92 146 0
2 92 366 0
2 92 155 0
2 92 215 0
2 92 169 0
2 92 110 0
2 92 229 0
2 92 220 0
2 92 270 0
2 92 371 0
2 92 348 0
2 92 160 0
2 92 256 0
2 92 258 0
2 92 334 0
2 93 442 0
2 93 379 0
2 93 250 0
2 93 447 0
2 93 289 0
2 93 276 0
2 93 266 0
2 93 337 0
2 93 107 0
2 93 165 0
2 93 145 0
2 93 331 0
2 93 436 0
2 93 112 0
2 93 295 0
2 93 271 0
2 93 222 0
2 93 199 0
2 93 365 0
2 93 446 0
2 93 332 0
2 93 109 0
2 94 140 0
2 94 341 0
2 94 327 0
2 94 298 0
2 94 167 0
2 94 408 0
2 94 256 0
2 94 97 0
2 94 413 0
2 94 261 0
2 94 337 0
2 94 183 0
2 94 230 0
2 94 431 0
2 94 156 0
2 94 222 0
2 94 166 0
2 94 287 0
2 94 410 0
2 94 336 0
2 94 307 0
2 94 320 0
2 95 351 0
2 95 177 0
2 95 323 0
2 95 163 0
2 95 259 0
2 95 374 0
2 95 182 0
2 95 448 0
2 95 103 0
2 95 149 0
2 95 213 0
2 95 264 0
2 95 261 0
2 95 363 0
2 95 269 0
2 95 171 0
2 95 262 0
2 95 368 0
2 95 334 0
2 95 441 0
2 95 447 0
2 95 369 0
2 96 115 0
2 96 112 0
2 96 110 0
2 96 292 0
2 96 104 0
2 96 274 0
2 96 263 0
2 96 154 0
2 96 225 0
2 96 202 0
2 96 339 0
2 97 179 0
2 97 344 0
2 97 385 0
2 97 413 0
2 97 320 0
2 97 220 0
2 97 191 0
2 97 233 0
2 97 254 0
2 97 416 0
2 97 269 0
2 97 186 0
2 97 323 0
2 97 215 0
2 97 301 0
2 97 143 0
2 97 359 0
2 98 152 0
2 98 354 0
2 98 267 0
2 98 281 0
2 98 262 0
2 98 226 0
2 98 160 0
2 98 166 0
2 98 377 0
2 98 174 0
2 98 245 0
2 98 381 0
2 98 444 0
2 99 343 0
2 99 115 0
2 99 222 0
2 99 205 0
2 99 385 0
2 99 162 0
2 99 277 0
2 99 228 0
2 99 217 0
2 99 102 0
2 99 118 0
2 99 176 0
2 99 295 0
2 99 337 0
2 99 338 0
2 99 110 0
2 99 121 0
2 99 282 0
2 99 113 0
2 100 419 0
2 100 326 0
2 100 416 0
2 100 437 0
2 100 223 0
2 100 278 0
2 100 168 0
2 100 172 0
2 100 182 0
2 100 333 0
2 100 304 0
2 100 352 0
2 100 283 0
2 100 414 0
2 100 236 0
2 100 146 0
2 100 362 0
2 100 263 0
2 100 154 0
2 101 385 0
2 101 219 0
2 101 447 0
2 101 278 0
2 101 228 0
2 101 279 0
2 101 380 0
2 101 258 0
2 101 334 0
2 101 273 0
2 101 284 0
2 101 265 0
2 101 177 0
2 101 358 0
2 101 114 0
2 101 155 0
2 101 357 0
2 101 353 0
2 101 409 0
2 101 270 0
2 101 267 0
2 101 368 0
2 101 449 0
2 102 440 0
2 102 236 0
2 102 449 0
2 102 115 0
2 102 125 0
2 102 275 0
2 102 165 0
2 102 346 0
2 102 208 0
2 102 354 0
2 102 270 0
2 102 395 0
2 102 231 0
2 102 369 0
2 102 225 0
2 102 298 0
2 102 184 0
2 102 110 0
2 102 388 0
2 102 439 0
2 102 220 0
2 102 121 0
2 102 118 0
2 102 189 0
2 103 329 0
2 103 396 0
2 103 166 0
2 103 192 0
2 103 419 0
2 103 190 0
2 103 311 0
2 103 422 0
2 103 445 0
2 103 355 0
2 103 291 0
2 103 350 0
2 103 226 0
2 103 307 0
2 103 345 0
2 103 312 0
2 103 239 0
2 103 230 0
2 103 161 0
2 103 197 0
2 103 149 0
2 104 270 0
2 104 163 0
2 104 180 0
2 104 116 0
2 104 206 0
2 104 112 0
2 104 196 0
2 104 360 0
2 104 336 0
2 104 388 0
2 104 111 0
2 104 217 0
2 104 273 0
2 104 401 0
2 104 383 0
2 104 420 0
2 104 311 0
2 104 227 0
2 104 158 0
2 105 124 0
2 105 388 0
2 105 107 0
2 105 183 0
2 105 277 0
2 105 234 0
2 105 182 0
2 105 153 0
2 105 443 0
2 105 239 0
2 105 393 0
2 105 349 0
2 105 211 0
2 105 357 0
2 105 263 0
2 105 309 0
2 105 121 0
2 105 282 0
2 105 203 0
2 105 199 0
2 105 301 0
2 105 187 0
2 105 308 0
2 105 314 0
2 105 391 0
2 105 287 0
2 105 383 0
2 105 374 0
2 106 242 0
2 106 152 0
2 106 422 0
2 106 283 0
2 106 159 0
2 106 315 0
2 106 339 0
2 106 268 0
2 106 183 0
2 106 310 0
2 106 228 0
2 106 279 0
2 106 200 0
2 106 332 0
2 107 166 0
2 107 330 0
2 107 363 0
2 107 179 0
2 107 280 0
2 107 364 0
2 107 199 0
2 107 165 0
2 107 391 0
2 107 183 0
2 107 159 0
2 107 225 0
2 107 276 0
2 107 386 0
2 107 189 0
2 108 304 0
2 108 200 0
2 108 205 0
2 108 171 0
2 108 352 0
2 108 250 0
2 108 446 0
2 108 214 0
2 108 221 0
2 108 242 0
2 108 124 0
2 108 226 0
2 108 127 0
2 108 394 0
2 109 428 0
2 109 270 0
2 109 180 0
2 109 335 0
2 109 425 0
2 109 155 0
2 109 172 0
2 109 203 0
2 109 222 0
2 109 360 0
2 109 111 0
2 109 271 0
2 109 245 0
2 109 381 0
2 109 402 0
2 109 436 0
2 109 112 0
2 109 181 0
2 109 125 0
2 109 406 0
2 109 392 0
2 109 318 0
2 109 165 0
2 109 313 0
2 109 365 0
2 109 446 0
2 109 332 0
2 110 276 0
2 110 443 0
2 110 283 0
2 110 292 0
2 110 301 0
2 110 186 0
2 110 187 0
2 110 164 0
2 110 366 0
2 110 117 0
2 110 333 0
2 110 394 0
2 110 169 0
2 110 182 0
2 110 243 0
2 110 388 0
2 110 439 0
2 110 121 0
2 110 282 0
2 110 113 0
2 111 240 0
2 111 135 0
2 111 422 0
2 111 339 0
2 111 360 0
2 111 183 0
2 111 208 0
2 111 174 0
2 111 355 0
2 111 169 0
2 111 245 0
2 111 242 0
2 111 378 0
2 111 217 0
2 111 273 0
2 111 130 0
2 111 127 0
2 111 139 0
2 112 273 0
2 112 369 0
2 112 115 0
2 112 384 0
2 112 321 0
2 112 338 0
2 112 289 0
2 112 248 0
2 112 114 0
2 112 211 0
2 112 158 0
2 112 149 0
2 112 199 0
2 112 345 0
2 112 285 0
2 112 206 0
2 112 428 0
2 112 379 0
2 112 120 0
2 112 431 0
2 112 209 0
2 112 390 0
2 112 436 0
2 112 279 0
2 113 279 0
2 113 392 0
2 113 304 0
2 113 166 0
2 113 287 0
2 113 221 0
2 113 341 0
2 113 394 0
2 113 171 0
2 113 172 0
2 113 124 0
2 113 300 0
2 113 426 0
2 113 305 0
2 113 401 0
2 113 116 0
2 113 369 0
2 113 190 0
2 113 189 0
2 113 121 0
2 113 282 0
2 114 335 0
2 114 400 0
2 114 286 0
2 114 156 0
2 114 402 0
2 114 447 0
2 114 363 0
2 114 425 0
2 114 310 0
2 114 376 0
2 114 133 0
2 114 220 0
2 114 365 0
2 114 342 0
2 114 155 0
2 114 177 0
2 114 358 0
2 114 405 0
2 114 227 0
2 114 248 0
2 115 393 0
2 115 439 0
2 115 228 0
2 115 202 0
2 115 161 0
2 115 324 0
2 115 186 0
2 115 209 0
2 115 341 0
2 115 198 0
2 116 307 0
2 116 344 0
2 116 290 0
2 116 285 0
2 116 127 0
2 116 198 0
2 116 388 0
2 116 403 0
2 116 119 0
2 116 400 0
2 116 217 0
2 116 208 0
2 116 282 0
2 116 369 0
2 117 133 0
2 117 405 0
2 117 289 0
2 117 361 0
2 117 214 0
2 117 394 0
2 117 285 0
2 117 141 0
2 117 158 0
2 117 164 0
2 117 366 0
2 117 359 0
2 117 251 0
2 117 299 0
2 117 119 0
2 117 130 0
2 117 428 0
2 117 235 0
2 117 136 0
2 117 338 0
2 117 124 0
2 118 442 0
2 118 290 0
2 118 279 0
2 118 200 0
2 118 217 0
2 118 390 0
2 118 295 0
2 118 400 0
2 118 206 0
2 118 270 0
2 118 395 0
2 118 231 0
2 118 369 0
2 118 220 0
2 118 121 0
2 118 250 0
2 118 176 0
2 118 327 0
2 118 189 0
2 119 310 0
2 119 182 0
2 119 121 0
2 119 122 0
2 119 178 0
2 119 220 0
2 119 288 0
2 119 381 0
2 119 403 0
2 119 400 0
2 119 296 0
2 119 286 0
2 119 130 0
2 119 291 0
2 119 212 0
2 119 190 0
2 119 221 0
2 119 293 0
2 119 140 0
2 119 421 0
2 120 364 0
2 120 254 0
2 120 202 0
2 120 362 0
2 120 173 0
2 120 398 0
2 120 161 0
2 120 139 0
2 120 392 0
2 120 369 0
2 120 251 0
2 120 207 0
2 120 144 0
2 120 341 0
2 120 307 0
2 120 283 0
2 120 234 0
2 120 431 0
2 120 209 0
2 121 440 0
2 121 198 0
2 121 174 0
2 121 192 0
2 121 330 0
2 121 333 0
2 121 394 0
2 121 313 0
2 121 224 0
2 121 284 0
2 121 445 0
2 121 372 0
2 121 393 0
2 121 349 0
2 121 282 0
2 121 203 0
2 121 199 0
2 121 220 0
2 121 189 0
2 122 180 0
2 122 181 0
2 122 294 0
2 122 411 0
2 122 125 0
2 122 129 0
2 122 179 0
2 122 290 0
2 122 313 0
2 122 404 0
2 122 235 0
2 122 406 0
2 122 133 0
2 122 384 0
2 122 175 0
2 122 296 0
2 122 403 0
2 122 209 0
2 123 367 0
2 123 344 0
2 123 220 0
2 123 296 0
2 123 254 0
2 123 395 0
2 123 385 0
2 123 257 0
2 123 205 0
2 123 164 0
2 123 371 0
2 123 372 0
2 123 434 0
2 123 125 0
2 123 415 0
2 123 147 0
2 124 223 0
2 124 375 0
2 124 171 0
2 124 172 0
2 124 195 0
2 124 350 0
2 124 316 0
2 124 221 0
2 124 242 0
2 124 215 0
2 124 182 0
2 124 240 0
2 124 201 0
2 124 407 0
2 124 333 0
2 124 235 0
2 124 136 0
2 124 335 0
2 124 366 0
2 124 338 0
2 125 189 0
2 125 226 0
2 125 232 0
2 125 403 0
2 125 299 0
2 125 298 0
2 125 408 0
2 125 184 0
2 125 288 0
2 125 414 0
2 125 147 0
2 125 406 0
2 125 392 0
2 125 318 0
2 125 316 0
2 125 253 0
2 125 222 0
2 125 369 0
2 126 347 0
2 126 260 0
2 126 404 0
2 126 150 0
2 126 167 0
2 126 318 0
2 126 265 0
2 126 437 0
2 126 298 0
2 126 218 0
2 126 329 0
2 127 378 0
2 127 336 0
2 127 341 0
2 127 409 0
2 127 319 0
2 127 288 0
2 127 299 0
2 127 240 0
2 127 198 0
2 127 304 0
2 127 200 0
2 127 226 0
2 127 394 0
2 127 130 0
2 127 139 0
2 127 180 0
2 127 229 0
2 128 187 0
2 128 319 0
2 128 412 0
2 128 229 0
2 128 220 0
2 128 405 0
2 128 411 0
2 128 302 0
2 128 409 0
2 128 250 0
2 128 176 0
2 128 417 0
2 128 165 0
2 128 346 0
2 128 192 0
2 128 139 0
2 129 170 0
2 129 378 0
2 129 260 0
2 129 232 0
2 129 350 0
2 129 347 0
2 129 292 0
2 129 440 0
2 129 406 0
2 129 245 0
2 129 201 0
2 129 407 0
2 129 153 0
2 129 315 0
2 129 261 0
2 129 268 0
2 129 300 0
2 129 156 0
2 129 132 0
2 129 263 0
2 130 344 0
2 130 229 0
2 130 339 0
2 130 288 0
2 130 381 0
2 130 291 0
2 130 212 0
2 130 139 0
2 130 201 0
2 130 407 0
2 130 153 0
2 130 399 0
2 131 310 0
2 131 190 0
2 131 322 0
2 131 134 0
2 131 415 0
2 131 195 0
2 131 142 0
2 131 148 0
2 131 409 0
2 131 412 0
2 131 420 0
2 131 183 0
2 131 184 0
2 131 305 0
2 131 232 0
2 131 313 0
2 132 443 0
2 132 239 0
2 132 240 0
2 132 190 0
2 132 404 0
2 132 271 0
2 132 319 0
2 132 314 0
2 132 173 0
2 132 324 0
2 132 355 0
2 132 381 0
2 132 353 0
2 132 399 0
2 132 300 0
2 132 156 0
2 132 263 0
2 133 232 0
2 133 351 0
2 133 420 0
2 133 181 0
2 133 416 0
2 133 347 0
2 133 294 0
2 133 150 0
2 133 220 0
2 133 235 0
2 133 406 0
2 133 384 0
2 134 347 0
2 134 313 0
2 134 440 0
2 134 146 0
2 134 141 0
2 134 247 0
2 134 256 0
2 134 182 0
2 134 236 0
2 134 437 0
2 134 325 0
2 134 198 0
2 134 415 0
2 134 401 0
2 134 145 0
2 134 151 0
2 134 337 0
2 134 235 0
2 134 316 0
2 134 407 0
2 134 423 0
2 135 446 0
2 135 356 0
2 135 159 0
2 135 422 0
2 135 266 0
2 135 337 0
2 135 176 0
2 135 327 0
2 135 384 0
2 135 413 0
2 135 274 0
2 135 227 0
2 135 158 0
2 135 284 0
2 135 237 0
2 135 403 0
2 135 299 0
2 135 291 0
2 135 417 0
2 135 398 0
2 136 350 0
2 136 297 0
2 136 412 0
2 136 142 0
2 136 322 0
2 136 387 0
2 136 349 0
2 136 179 0
2 136 238 0
2 136 434 0
2 136 423 0
2 136 404 0
2 136 359 0
2 136 294 0
2 136 240 0
2 136 232 0
2 136 313 0
2 136 235 0
2 136 338 0
2 137 311 0
2 137 173 0
2 137 238 0
2 137 418 0
2 137 316 0
2 137 263 0
2 137 148 0
2 137 245 0
2 137 201 0
2 137 328 0
2 137 329 0
2 138 384 0
2 138 392 0
2 138 356 0
2 138 359 0
2 138 420 0
2 138 236 0
2 138 167 0
2 138 294 0
2 138 387 0
2 138 179 0
2 138 355 0
2 138 315 0
2 138 162 0
2 138 449 0
2 139 415 0
2 139 300 0
2 139 390 0
2 139 187 0
2 139 151 0
2 139 238 0
2 139 243 0
2 139 261 0
2 139 362 0
2 139 210 0
2 139 326 0
2 139 392 0
2 139 141 0
2 139 182 0
2 139 353 0
2 139 235 0
2 139 251 0
2 139 145 0
2 139 147 0
2 139 165 0
2 139 346 0
2 139 192 0
2 140 319 0
2 140 429 0
2 140 356 0
2 140 446 0
2 140 422 0
2 140 298 0
2 140 247 0
2 140 353 0
2 140 342 0
2 140 248 0
2 140 204 0
2 140 266 0
2 140 337 0
2 140 282 0
2 140 293 0
2 140 209 0
2 140 147 0
2 140 213 0
2 140 331 0
2 140 332 0
2 140 183 0
2 140 364 0
2 140 241 0
2 140 322 0
2 140 143 0
2 140 359 0
2 140 421 0
2 141 304 0
2 141 158 0
2 141 273 0
2 141 285 0
2 141 272 0
2 141 433 0
2 141 207 0
2 141 413 0
2 141 429 0
2 141 338 0
2 141 182 0
2 141 170 0
2 141 387 0
2 141 309 0
2 141 165 0
2 141 362 0
2 141 324 0
2 141 395 0
2 141 299 0
2 141 280 0
2 141 297 0
2 141 423 0
2 141 224 0
2 142 238 0
2 142 164 0
2 142 324 0
2 142 355 0
2 142 241 0
2 142 420 0
2 142 356 0
2 142 190 0
2 142 246 0
2 142 418 0
2 142 429 0
2 142 295 0
2 142 361 0
2 142 144 0
2 143 421 0
2 143 212 0
2 143 154 0
2 143 430 0
2 143 244 0
2 143 260 0
2 143 196 0
2 143 285 0
2 143 207 0
2 143 220 0
2 143 432 0
2 143 255 0
2 143 416 0
2 143 420 0
2 143 269 0
2 143 437 0
2 143 179 0
2 143 241 0
2 143 322 0
2 143 215 0
2 143 301 0
2 143 359 0
2 144 390 0
2 144 241 0
2 144 441 0
2 144 362 0
2 144 173 0
2 144 398 0
2 144 161 0
2 144 367 0
2 144 210 0
2 144 172 0
2 144 166 0
2 144 197 0
2 144 300 0
2 144 295 0
2 144 361 0
2 144 341 0
2 144 307 0
2 144 283 0
2 145 359 0
2 145 417 0
2 145 418 0
2 145 249 0
2 145 241 0
2 145 167 0
2 145 421 0
2 145 432 0
2 145 243 0
2 145 332 0
2 145 222 0
2 145 363 0
2 145 248 0
2 145 147 0
2 145 151 0
2 145 337 0
2 145 331 0
2 145 242 0
2 145 378 0
2 145 219 0
2 146 210 0
2 146 428 0
2 146 244 0
2 146 148 0
2 146 334 0
2 146 182 0
2 146 209 0
2 146 208 0
2 146 354 0
2 146 440 0
2 146 323 0
2 146 435 0
2 146 362 0
2 146 263 0
2 146 154 0
2 146 325 0
2 146 272 0
2 146 343 0
2 146 369 0
2 147 286 0
2 147 310 0
2 147 370 0
2 147 349 0
2 147 393 0
2 147 169 0
2 147 174 0
2 147 305 0
2 147 189 0
2 147 190 0
2 147 401 0
2 147 213 0
2 147 324 0
2 147 176 0
2 147 415 0
2 148 154 0
2 148 245 0
2 148 416 0
2 148 367 0
2 148 244 0
2 148 362 0
2 148 334 0
2 148 155 0
2 148 371 0
2 148 150 0
2 148 306 0
2 148 252 0
2 148 424 0
2 149 213 0
2 149 443 0
2 149 365 0
2 149 328 0
2 149 275 0
2 149 341 0
2 149 156 0
2 149 251 0
2 149 431 0
2 149 187 0
2 149 185 0
2 149 401 0
2 149 417 0
2 149 218 0
2 149 230 0
2 149 161 0
2 149 197 0
2 150 216 0
2 150 289 0
2 150 179 0
2 150 303 0
2 150 404 0
2 150 157 0
2 150 163 0
2 150 396 0
2 150 442 0
2 150 208 0
2 150 337 0
2 150 338 0
2 150 347 0
2 150 294 0
2 150 427 0
2 150 306 0
2 150 252 0
2 150 424 0
2 151 365 0
2 151 254 0
2 151 309 0
2 151 370 0
2 151 427 0
2 151 348 0
2 151 424 0
2 151 338 0
2 151 189 0
2 151 337 0
2 151 157 0
2 151 433 0
2 151 255 0
2 151 247 0
2 152 249 0
2 152 260 0
2 152 259 0
2 152 188 0
2 152 370 0
2 152 331 0
2 152 344 0
2 152 349 0
2 152 285 0
2 152 216 0
2 152 368 0
2 152 359 0
2 152 446 0
2 152 434 0
2 152 221 0
2 152 278 0
2 152 439 0
2 153 426 0
2 153 187 0
2 153 309 0
2 153 355 0
2 153 270 0
2 153 266 0
2 153 182 0
2 153 297 0
2 153 219 0
2 153 360 0
2 153 245 0
2 153 201 0
2 153 407 0
2 153 399 0
2 154 197 0
2 154 258 0
2 154 430 0
2 154 373 0
2 154 250 0
2 154 266 0
2 154 160 0
2 154 256 0
2 154 257 0
2 154 362 0
2 154 263 0
2 155 191 0
2 155 313 0
2 155 272 0
2 155 224 0
2 155 281 0
2 155 172 0
2 155 449 0
2 155 447 0
2 155 258 0
2 155 267 0
2 155 334 0
2 155 257 0
2 155 303 0
2 155 339 0
2 155 177 0
2 155 358 0
2 155 437 0
2 155 359 0
2 155 357 0
2 155 353 0
2 155 409 0
2 155 371 0
2 155 248 0
2 155 294 0
2 156 173 0
2 156 190 0
2 156 358 0
2 156 404 0
2 156 312 0
2 156 258 0
2 156 279 0
2 156 188 0
2 156 184 0
2 156 222 0
2 156 303 0
2 156 429 0
2 156 410 0
2 156 278 0
2 156 439 0
2 156 399 0
2 156 185 0
2 156 199 0
2 156 402 0
2 156 289 0
2 156 300 0
2 156 263 0
2 157 364 0
2 157 376 0
2 157 279 0
2 157 324 0
2 157 205 0
2 157 349 0
2 157 174 0
2 157 255 0
2 157 433 0
2 157 343 0
2 157 250 0
2 157 266 0
2 157 253 0
2 157 449 0
2 157 320 0
2 157 261 0
2 157 163 0
2 157 169 0
2 158 170 0
2 158 175 0
2 158 285 0
2 158 206 0
2 158 342 0
2 158 275 0
2 158 436 0
2 158 194 0
2 158 280 0
2 158 231 0
2 158 374 0
2 158 185 0
2 158 337 0
2 158 350 0
2 158 284 0
2 158 420 0
2 158 311 0
2 158 227 0
2 159 413 0
2 159 250 0
2 159 307 0
2 159 176 0
2 159 252 0
2 159 418 0
2 159 405 0
2 159 181 0
2 159 315 0
2 159 225 0
2 159 276 0
2 159 367 0
2 159 191 0
2 159 187 0
2 159 257 0
2 159 390 0
2 159 231 0
2 159 372 0
2 159 303 0
2 159 260 0
2 159 216 0
2 159 422 0
2 159 193 0
2 159 376 0
2 159 427 0
2 160 436 0
2 160 191 0
2 160 203 0
2 160 428 0
2 160 346 0
2 160 269 0
2 160 318 0
2 160 379 0
2 160 166 0
2 160 377 0
2 160 264 0
2 160 362 0
2 160 256 0
2 160 258 0
2 160 334 0
2 161 374 0
2 161 209 0
2 161 364 0
2 161 235 0
2 161 340 0
2 161 402 0
2 161 379 0
2 161 398 0
2 161 287 0
2 161 178 0
2 161 299 0
2 161 222 0
2 161 189 0
2 161 345 0
2 161 312 0
2 161 239 0
2 161 230 0
2 161 197 0
2 161 173 0
2 161 234 0
2 162 318 0
2 162 228 0
2 162 375 0
2 162 260 0
2 162 306 0
2 162 408 0
2 162 196 0
2 162 433 0
2 162 315 0
2 162 210 0
2 162 374 0
2 162 365 0
2 162 421 0
2 162 253 0
2 162 449 0
2 163 194 0
2 163 284 0
2 163 387 0
2 163 275 0
2 163 211 0
2 163 267 0
2 163 374 0
2 163 365 0
2 163 259 0
2 163 180 0
2 163 439 0
2 163 311 0
2 163 390 0
2 163 436 0
2 163 382 0
2 163 349 0
2 163 272 0
2 163 195 0
2 163 320 0
2 163 261 0
2 163 169 0
2 164 233 0
2 164 380 0
2 164 290 0
2 164 257 0
2 164 238 0
2 164 372 0
2 164 225 0
2 164 366 0
2 164 315 0
2 164 376 0
2 164 247 0
2 164 371 0
2 165 314 0
2 165 253 0
2 165 199 0
2 165 272 0
2 165 433 0
2 165 321 0
2 165 197 0
2 165 338 0
2 165 298 0
2 165 372 0
2 165 262 0
2 165 424 0
2 165 268 0
2 165 309 0
2 165 362 0
2 165 324 0
2 165 436 0
2 165 292 0
2 165 448 0
2 165 304 0
2 165 313 0
2 165 346 0
2 165 192 0
2 166 442 0
2 166 368 0
2 166 275 0
2 166 352 0
2 166 288 0
2 166 385 0
2 166 390 0
2 166 193 0
2 166 197 0
2 166 283 0
2 166 318 0
2 166 203 0
2 166 379 0
2 166 377 0
2 166 287 0
2 167 228 0
2 167 205 0
2 167 351 0
2 167 260 0
2 167 241 0
2 167 408 0
2 167 236 0
2 167 294 0
2 167 318 0
2 167 425 0
2 167 374 0
2 168 427 0
2 168 169 0
2 168 349 0
2 168 206 0
2 168 202 0
2 168 226 0
2 168 215 0
2 168 326 0
2 168 259 0
2 169 290 0
2 169 200 0
2 169 286 0
2 169 257 0
2 169 186 0
2 169 380 0
2 169 281 0
2 169 382 0
2 169 393 0
2 169 262 0
2 169 278 0
2 169 217 0
2 169 320 0
2 169 261 0
2 170 239 0
2 170 231 0
2 170 202 0
2 170 258 0
2 170 244 0
2 170 433 0
2 170 354 0
2 170 387 0
2 170 392 0
2 170 318 0
2 170 411 0
2 170 367 0
2 170 213 0
2 170 197 0
2 170 283 0
2 170 414 0
2 171 315 0
2 171 283 0
2 171 319 0
2 171 208 0
2 171 172 0
2 171 288 0
2 171 308 0
2 171 430 0
2 171 213 0
2 171 354 0
2 171 352 0
2 171 205 0
2 171 442 0
2 171 334 0
2 171 320 0
2 171 262 0
2 171 368 0
2 171 269 0
2 172 203 0
2 172 224 0
2 172 281 0
2 172 383 0
2 172 194 0
2 172 205 0
2 172 210 0
2 172 364 0
2 172 325 0
2 172 396 0
2 172 293 0
2 172 209 0
2 173 247 0
2 173 206 0
2 173 211 0
2 173 357 0
2 173 431 0
2 173 205 0
2 173 261 0
2 173 324 0
2 173 441 0
2 173 242 0
2 173 234 0
2 173 362 0
2 174 213 0
2 174 355 0
2 174 192 0
2 174 265 0
2 174 272 0
2 174 317 0
2 174 438 0
2 174 445 0
2 174 391 0
2 174 197 0
2 174 291 0
2 174 327 0
2 174 208 0
2 174 433 0
2 174 356 0
2 174 322 0
2 174 323 0
2 175 399 0
2 175 438 0
2 175 197 0
2 175 206 0
2 175 382 0
2 175 328 0
2 175 386 0
2 175 284 0
2 175 297 0
2 175 417 0
2 175 296 0
2 175 403 0
2 175 209 0
2 176 384 0
2 176 214 0
2 176 388 0
2 176 237 0
2 176 409 0
2 176 417 0
2 176 293 0
2 176 209 0
2 176 324 0
2 176 360 0
2 176 203 0
2 176 250 0
2 176 327 0
2 176 189 0
2 177 211 0
2 177 441 0
2 177 379 0
2 177 250 0
2 177 289 0
2 177 240 0
2 177 275 0
2 177 436 0
2 177 358 0
2 177 294 0
2 177 435 0
2 177 326 0
2 177 448 0
2 178 402 0
2 178 446 0
2 178 220 0
2 178 425 0
2 178 376 0
2 178 209 0
2 178 205 0
2 178 345 0
2 178 299 0
2 178 276 0
2 178 287 0
2 178 389 0
2 179 368 0
2 179 221 0
2 179 363 0
2 179 330 0
2 179 240 0
2 179 387 0
2 179 311 0
2 179 253 0
2 179 322 0
2 179 420 0
2 179 296 0
2 179 241 0
2 179 437 0
2 180 361 0
2 180 271 0
2 180 329 0
2 180 219 0
2 180 439 0
2 180 181 0
2 180 444 0
2 180 227 0
2 180 229 0
2 181 185 0
2 181 302 0
2 181 444 0
2 181 324 0
2 181 439 0
2 181 238 0
2 181 338 0
2 181 214 0
2 181 434 0
2 181 295 0
2 181 405 0
2 181 392 0
2 181 318 0
2 182 399 0
2 182 265 0
2 182 371 0
2 182 261 0
2 182 314 0
2 182 256 0
2 182 209 0
2 182 304 0
2 182 214 0
2 182 423 0
2 182 224 0
2 182 425 0
2 182 215 0
2 182 333 0
2 182 445 0
2 182 243 0
2 182 409 0
2 183 320 0
2 183 211 0
2 183 276 0
2 183 217 0
2 183 391 0
2 183 215 0
2 183 447 0
2 183 405 0
2 183 271 0
2 183 184 0
2 183 305 0
2 183 310 0
2 183 210 0
2 183 230 0
2 183 431 0
2 183 222 0
2 183 274 0
2 183 225 0
2 183 266 0
2 183 337 0
2 183 331 0
2 183 332 0
2 183 364 0
2 184 413 0
2 184 337 0
2 184 215 0
2 184 301 0
2 184 187 0
2 184 392 0
2 184 408 0
2 184 271 0
2 184 222 0
2 184 188 0
2 184 305 0
2 184 221 0
2 184 242 0
2 184 225 0
2 184 298 0
2 185 264 0
2 185 336 0
2 185 278 0
2 185 259 0
2 185 312 0
2 185 187 0
2 185 218 0
2 185 374 0
2 185 232 0
2 185 402 0
2 185 199 0
2 185 246 0
2 185 412 0
2 185 324 0
2 186 408 0
2 186 393 0
2 186 277 0
2 186 335 0
2 186 324 0
2 186 313 0
2 186 444 0
2 186 367 0
2 186 212 0
2 186 413 0
2 186 225 0
2 186 187 0
2 186 218 0
2 186 323 0
2 186 340 0
2 186 392 0
2 186 194 0
2 187 411 0
2 187 243 0
2 187 309 0
2 187 333 0
2 187 335 0
2 187 445 0
2 187 435 0
2 187 215 0
2 187 191 0
2 187 259 0
2 187 275 0
2 187 225 0
2 187 218 0
2 187 301 0
2 187 308 0
2 187 314 0
2 187 325 0
2 187 416 0
2 187 423 0
2 188 391 0
2 188 262 0
2 188 226 0
2 188 429 0
2 188 205 0
2 188 364 0
2 188 415 0
2 188 430 0
2 188 441 0
2 188 267 0
2 188 335 0
2 188 276 0
2 188 377 0
2 188 249 0
2 189 215 0
2 189 228 0
2 189 241 0
2 189 337 0
2 189 370 0
2 189 331 0
2 189 332 0
2 189 386 0
2 189 401 0
2 189 272 0
2 189 343 0
2 189 395 0
2 189 338 0
2 189 280 0
2 189 411 0
2 189 270 0
2 189 190 0
2 189 345 0
2 189 222 0
2 189 220 0
2 189 250 0
2 189 327 0
2 190 194 0
2 190 304 0
2 190 336 0
2 190 388 0
2 190 311 0
2 190 246 0
2 190 197 0
2 190 213 0
2 190 419 0
2 190 426 0
2 190 401 0
2 190 312 0
2 190 258 0
2 190 244 0
2 190 221 0
2 190 293 0
2 191 439 0
2 191 219 0
2 191 270 0
2 191 394 0
2 191 380 0
2 191 385 0
2 191 238 0
2 191 434 0
2 191 277 0
2 191 323 0
2 191 233 0
2 191 254 0
2 191 367 0
2 191 265 0
2 191 432 0
2 191 413 0
2 191 249 0
2 192 218 0
2 192 398 0
2 192 220 0
2 192 419 0
2 192 445 0
2 192 231 0
2 192 424 0
2 192 346 0
2 193 339 0
2 193 390 0
2 193 197 0
2 193 205 0
2 193 441 0
2 193 312 0
2 193 410 0
2 193 320 0
2 193 307 0
2 193 429 0
2 193 260 0
2 193 216 0
2 193 422 0
2 194 337 0
2 194 411 0
2 194 387 0
2 194 370 0
2 194 286 0
2 194 280 0
2 194 231 0
2 194 331 0
2 194 332 0
2 194 273 0
2 194 217 0
2 194 388 0
2 194 215 0
2 194 236 0
2 194 282 0
2 194 383 0
2 194 340 0
2 194 392 0
2 195 234 0
2 195 349 0
2 195 311 0
2 195 228 0
2 195 273 0
2 195 232 0
2 195 427 0
2 195 438 0
2 195 338 0
2 195 221 0
2 195 272 0
2 195 401 0
2 195 327 0
2 196 315 0
2 196 333 0
2 196 334 0
2 196 432 0
2 196 383 0
2 196 284 0
2 196 423 0
2 196 433 0
2 196 425 0
2 196 389 0
2 196 342 0
2 196 248 0
2 196 200 0
2 196 252 0
2 196 418 0
2 196 429 0
2 197 225 0
2 197 276 0
2 197 419 0
2 197 309 0
2 197 364 0
2 197 390 0
2 197 386 0
2 197 324 0
2 197 234 0
2 197 445 0
2 197 220 0
2 197 391 0
2 197 280 0
2 197 373 0
2 197 230 0
2 197 283 0
2 197 414 0
2 198 237 0
2 198 224 0
2 198 242 0
2 198 404 0
2 198 240 0
2 198 226 0
2 198 440 0
2 198 391 0
2 198 352 0
2 198 415 0
2 198 401 0
2 198 341 0
2 198 314 0
2 198 246 0
2 199 255 0
2 199 435 0
2 199 313 0
2 199 246 0
2 199 251 0
2 199 318 0
2 199 446 0
2 199 332 0
2 199 345 0
2 199 431 0
2 199 402 0
2 199 330 0
2 199 391 0
2 199 287 0
2 199 370 0
2 199 421 0
2 199 342 0
2 199 428 0
2 199 295 0
2 199 271 0
2 199 222 0
2 199 282 0
2 199 203 0
2 200 286 0
2 200 218 0
2 200 389 0
2 200 394 0
2 200 228 0
2 200 279 0
2 200 332 0
2 200 342 0
2 200 248 0
2 200 252 0
2 200 418 0
2 200 429 0
2 201 227 0
2 201 317 0
2 201 343 0
2 201 433 0
2 201 219 0
2 201 360 0
2 201 389 0
2 201 378 0
2 201 355 0
2 201 328 0
2 201 329 0
2 201 245 0
2 201 240 0
2 201 333 0
2 201 407 0
2 201 399 0
2 202 321 0
2 202 348 0
2 202 400 0
2 202 244 0
2 202 431 0
2 202 258 0
2 202 239 0
2 202 350 0
2 202 206 0
2 202 220 0
2 202 211 0
2 202 438 0
2 202 225 0
2 202 339 0
2 203 392 0
2 203 346 0
2 203 240 0
2 203 289 0
2 203 355 0
2 203 379 0
2 203 291 0
2 203 330 0
2 203 391 0
2 203 287 0
2 203 360 0
2 203 282 0
2 204 363 0
2 204 227 0
2 204 402 0
2 204 320 0
2 204 351 0
2 204 410 0
2 204 358 0
2 204 266 0
2 204 376 0
2 204 337 0
2 204 248 0
2 204 392 0
2 204 230 0
2 205 439 0
2 205 351 0
2 205 228 0
2 205 398 0
2 205 324 0
2 205 232 0
2 205 223 0
2 205 214 0
2 205 267 0
2 205 261 0
2 205 441 0
2 205 257 0
2 205 434 0
2 205 209 0
2 205 352 0
2 205 442 0
2 206 348 0
2 206 338 0
2 206 290 0
2 206 382 0
2 206 400 0
2 206 292 0
2 206 268 0
2 206 285 0
2 206 428 0
2 206 379 0
2 207 285 0
2 207 361 0
2 207 366 0
2 207 323 0
2 207 354 0
2 207 369 0
2 207 251 0
2 207 413 0
2 207 429 0
2 208 437 0
2 208 444 0
2 208 264 0
2 208 355 0
2 208 396 0
2 208 217 0
2 208 281 0
2 208 442 0
2 208 260 0
2 208 440 0
2 208 291 0
2 208 327 0
2 208 406 0
2 208 212 0
2 208 354 0
2 209 410 0
2 209 288 0
2 209 295 0
2 209 385 0
2 209 261 0
2 209 356 0
2 209 397 0
2 209 237 0
2 209 282 0
2 209 396 0
2 209 293 0
2 209 296 0
2 209 403 0
2 209 431 0
2 210 441 0
2 210 367 0
2 210 257 0
2 210 303 0
2 210 353 0
2 210 351 0
2 210 228 0
2 210 369 0
2 210 416 0
2 210 332 0
2 210 364 0
2 210 254 0
2 210 357 0
2 210 326 0
2 210 267 0
2 210 278 0
2 210 349 0
2 210 374 0
2 210 236 0
2 210 437 0
2 210 449 0
2 211 330 0
2 211 215 0
2 211 348 0
2 211 443 0
2 211 447 0
2 211 353 0
2 211 440 0
2 211 339 0
2 211 335 0
2 211 234 0
2 211 267 0
2 211 220 0
2 211 438 0
2 211 445 0
2 211 382 0
2 211 253 0
2 211 269 0
2 211 357 0
2 211 263 0
2 211 309 0
2 212 233 0
2 212 323 0
2 212 444 0
2 212 290 0
2 212 296 0
2 212 345 0
2 212 298 0
2 212 340 0
2 212 413 0
2 212 291 0
2 212 406 0
2 212 354 0
2 213 372 0
2 213 257 0
2 213 419 0
2 213 426 0
2 213 239 0
2 213 350 0
2 213 226 0
2 213 431 0
2 213 444 0
2 213 360 0
2 213 356 0
2 213 262 0
2 213 354 0
2 213 264 0
2 213 261 0
2 213 411 0
2 213 367 0
2 214 385 0
2 214 261 0
2 214 271 0
2 214 360 0
2 214 232 0
2 214 223 0
2 214 338 0
2 214 295 0
2 214 270 0
2 214 246 0
2 214 412 0
2 214 333 0
2 214 250 0
2 214 446 0
2 214 242 0
2 215 391 0
2 215 414 0
2 215 409 0
2 215 238 0
2 215 348 0
2 215 337 0
2 215 288 0
2 215 299 0
2 215 259 0
2 215 236 0
2 215 282 0
2 215 383 0
2 215 333 0
2 215 301 0
2 215 326 0
2 215 267 0
2 215 368 0
2 215 359 0
2 216 265 0
2 216 283 0
2 216 242 0
2 216 299 0
2 216 332 0
2 216 273 0
2 216 359 0
2 216 357 0
2 216 263 0
2 216 219 0
2 216 260 0
2 216 422 0
2 216 375 0
2 216 267 0
2 216 368 0
2 217 226 0
2 217 298 0
2 217 364 0
2 217 325 0
2 217 336 0
2 217 273 0
2 217 388 0
2 218 296 0
2 218 365 0
2 218 375 0
2 218 251 0
2 218 419 0
2 218 280 0
2 218 411 0
2 218 302 0
2 218 239 0
2 218 285 0
2 218 225 0
2 218 245 0
2 218 412 0
2 218 401 0
2 218 417 0
2 218 329 0
2 219 302 0
2 219 270 0
2 219 407 0
2 219 266 0
2 219 297 0
2 219 360 0
2 219 357 0
2 219 263 0
2 219 268 0
2 219 331 0
2 219 242 0
2 219 378 0
2 220 339 0
2 220 403 0
2 220 288 0
2 220 344 0
2 220 301 0
2 220 267 0
2 220 229 0
2 220 391 0
2 220 438 0
2 220 272 0
2 220 274 0
2 221 422 0
2 221 234 0
2 221 310 0
2 221 338 0
2 221 420 0
2 221 305 0
2 221 278 0
2 221 439 0
2 221 242 0
2 221 293 0
2 222 294 0
2 222 300 0
2 222 279 0
2 222 410 0
2 222 386 0
2 222 274 0
2 222 225 0
2 222 415 0
2 222 355 0
2 222 381 0
2 222 273 0
2 222 284 0
2 222 345 0
2 222 295 0
2 222 271 0
2 222 235 0
2 222 363 0
2 222 449 0
2 222 369 0
2 223 304 0
2 223 394 0
2 223 347 0
2 223 356 0
2 223 232 0
2 224 245 0
2 224 302 0
2 224 281 0
2 224 386 0
2 224 313 0
2 224 292 0
2 224 425 0
2 224 356 0
2 224 412 0
2 224 308 0
2 224 280 0
2 224 297 0
2 224 423 0
2 225 387 0
2 225 243 0
2 225 384 0
2 225 377 0
2 225 276 0
2 225 274 0
2 225 389 0
2 225 366 0
2 225 297 0
2 225 339 0
2 225 298 0
2 226 293 0
2 226 240 0
2 226 429 0
2 226 239 0
2 226 235 0
2 226 397 0
2 226 383 0
2 226 350 0
2 226 307 0
2 226 394 0
2 227 426 0
2 227 444 0
2 227 316 0
2 227 338 0
2 227 379 0
2 227 250 0
2 227 284 0
2 227 405 0
2 227 248 0
2 227 420 0
2 227 311 0
2 228 392 0
2 228 387 0
2 228 385 0
2 228 411 0
2 228 277 0
2 228 380 0
2 228 369 0
2 228 416 0
2 228 279 0
2 229 310 0
2 229 353 0
2 229 307 0
2 229 412 0
2 229 407 0
2 229 255 0
2 229 421 0
2 229 243 0
2 230 314 0
2 230 387 0
2 230 408 0
2 230 358 0
2 230 418 0
2 230 431 0
2 230 319 0
2 230 251 0
2 230 303 0
2 230 429 0
2 230 392 0
2 230 341 0
2 230 397 0
2 230 293 0
2 231 282 0
2 231 388 0
2 231 424 0
2 231 280 0
2 231 390 0
2 231 372 0
2 231 303 0
2 231 395 0
2 231 369 0
2 232 309 0
2 232 246 0
2 232 350 0
2 232 403 0
2 232 299 0
2 232 294 0
2 232 240 0
2 232 305 0
2 232 313 0
2 232 356 0
2 233 434 0
2 233 344 0
2 233 255 0
2 233 421 0
2 233 432 0
2 233 254 0
2 233 415 0
2 233 246 0
2 233 322 0
2 234 285 0
2 234 393 0
2 234 375 0
2 234 422 0
2 234 242 0
2 234 310 0
2 234 391 0
2 234 356 0
2 234 412 0
2 234 398 0
2 234 341 0
2 234 307 0
2 234 283 0
2 235 364 0
2 235 302 0
2 235 359 0
2 235 397 0
2 235 383 0
2 235 353 0
2 235 251 0
2 235 406 0
2 235 384 0
2 235 338 0
2 235 363 0
2 235 449 0
2 235 316 0
2 235 407 0
2 235 423 0
2 236 347 0
2 236 372 0
2 236 304 0
2 236 440 0
2 236 303 0
2 236 294 0
2 236 283 0
2 236 414 0
2 236 364 0
2 236 325 0
2 236 257 0
2 236 437 0
2 236 449 0
2 236 282 0
2 236 383 0
2 237 286 0
2 237 415 0
2 237 288 0
2 237 378 0
2 237 309 0
2 237 313 0
2 237 300 0
2 237 305 0
2 237 401 0
2 237 409 0
2 237 291 0
2 237 403 0
2 237 299 0
2 238 319 0
2 238 252 0
2 238 362 0
2 238 251 0
2 238 405 0
2 238 367 0
2 238 434 0
2 239 260 0
2 239 328 0
2 239 307 0
2 239 412 0
2 239 257 0
2 239 302 0
2 239 285 0
2 239 438 0
2 239 350 0
2 239 301 0
2 239 261 0
2 239 247 0
2 239 443 0
2 239 375 0
2 239 306 0
2 239 311 0
2 239 317 0
2 239 345 0
2 239 312 0
2 240 418 0
2 240 358 0
2 240 423 0
2 240 294 0
2 240 289 0
2 240 404 0
2 240 316 0
2 240 406 0
2 240 392 0
2 240 293 0
2 240 407 0
2 240 333 0
2 241 347 0
2 241 257 0
2 241 419 0
2 241 370 0
2 241 260 0
2 241 365 0
2 241 369 0
2 241 424 0
2 241 255 0
2 241 343 0
2 241 437 0
2 241 322 0
2 241 359 0
2 242 263 0
2 242 260 0
2 242 288 0
2 242 324 0
2 242 404 0
2 242 305 0
2 242 269 0
2 242 245 0
2 242 441 0
2 242 250 0
2 242 446 0
2 242 331 0
2 242 378 0
2 243 412 0
2 243 294 0
2 243 319 0
2 243 410 0
2 243 366 0
2 243 297 0
2 243 426 0
2 243 407 0
2 243 255 0
2 243 421 0
2 243 445 0
2 243 409 0
2 244 350 0
2 244 317 0
2 244 440 0
2 244 362 0
2 244 373 0
2 244 431 0
2 244 263 0
2 244 260 0
2 244 245 0
2 244 291 0
2 244 417 0
2 244 312 0
2 244 258 0
2 244 285 0
2 244 296 0
2 245 363 0
2 245 449 0
2 245 258 0
2 245 334 0
2 245 402 0
2 245 378 0
2 245 291 0
2 245 417 0
2 245 381 0
2 245 444 0
2 245 328 0
2 245 329 0
2 245 412 0
2 245 407 0
2 245 322 0
2 245 323 0
2 245 264 0
2 246 415 0
2 246 322 0
2 246 410 0
2 246 314 0
2 246 333 0
2 246 412 0
2 246 324 0
2 247 353 0
2 247 360 0
2 247 266 0
2 247 263 0
2 247 315 0
2 247 261 0
2 247 443 0
2 247 255 0
2 247 376 0
2 247 314 0
2 248 384 0
2 248 306 0
2 248 330 0
2 248 376 0
2 248 337 0
2 248 365 0
2 248 405 0
2 248 342 0
2 248 371 0
2 248 294 0
2 249 325 0
2 249 415 0
2 249 418 0
2 249 372 0
2 249 257 0
2 249 303 0
2 249 265 0
2 249 432 0
2 249 413 0
2 249 335 0
2 249 276 0
2 249 377 0
2 250 332 0
2 250 258 0
2 250 412 0
2 250 264 0
2 250 448 0
2 250 388 0
2 250 373 0
2 250 318 0
2 250 356 0
2 250 428 0
2 250 379 0
2 250 269 0
2 250 417 0
2 250 446 0
2 250 266 0
2 250 253 0
2 250 449 0
2 250 327 0
2 251 413 0
2 251 297 0
2 251 387 0
2 251 345 0
2 251 299 0
2 251 418 0
2 251 429 0
2 251 319 0
2 251 353 0
2 251 369 0
2 252 416 0
2 252 375 0
2 252 414 0
2 252 265 0
2 252 324 0
2 252 370 0
2 252 421 0
2 252 328 0
2 252 306 0
2 252 424 0
2 252 418 0
2 252 429 0
2 253 376 0
2 253 430 0
2 253 351 0
2 253 311 0
2 253 270 0
2 253 371 0
2 253 272 0
2 253 266 0
2 253 445 0
2 253 382 0
2 253 269 0
2 253 316 0
2 253 365 0
2 253 421 0
2 253 449 0
2 253 285 0
2 253 387 0
2 253 359 0
2 254 331 0
2 254 257 0
2 254 348 0
2 254 390 0
2 254 326 0
2 254 357 0
2 254 300 0
2 254 336 0
2 254 307 0
2 254 295 0
2 254 271 0
2 254 312 0
2 255 309 0
2 255 337 0
2 255 323 0
2 255 342 0
2 255 373 0
2 255 424 0
2 255 432 0
2 255 314 0
2 255 331 0
2 255 433 0
2 255 421 0
2 255 324 0
2 256 369 0
2 256 328 0
2 256 433 0
2 256 423 0
2 256 418 0
2 256 429 0
2 256 390 0
2 256 264 0
2 256 362 0
2 256 272 0
2 256 258 0
2 256 334 0
2 257 393 0
2 257 434 0
2 257 430 0
2 257 351 0
2 257 339 0
2 257 364 0
2 257 325 0
2 257 303 0
2 258 317 0
2 258 427 0
2 258 330 0
2 258 431 0
2 258 260 0
2 258 312 0
2 258 334 0
2 259 390 0
2 259 365 0
2 259 421 0
2 259 377 0
2 259 372 0
2 259 393 0
2 259 275 0
2 259 326 0
2 259 325 0
2 259 262 0
2 259 278 0
2 260 396 0
2 260 428 0
2 260 331 0
2 260 306 0
2 260 408 0
2 260 332 0
2 260 273 0
2 260 442 0
2 260 354 0
2 260 373 0
2 260 422 0
2 261 430 0
2 261 324 0
2 261 448 0
2 261 362 0
2 261 353 0
2 261 434 0
2 261 337 0
2 261 443 0
2 261 264 0
2 261 315 0
2 261 268 0
2 261 320 0
2 262 303 0
2 262 375 0
2 262 396 0
2 262 349 0
2 262 391 0
2 262 315 0
2 262 286 0
2 262 281 0
2 262 354 0
2 262 424 0
2 262 334 0
2 262 325 0
2 262 278 0
2 262 320 0
2 262 368 0
2 262 269 0
2 263 316 0
2 263 424 0
2 263 345 0
2 263 375 0
2 263 360 0
2 263 266 0
2 263 441 0
2 263 431 0
2 263 399 0
2 263 362 0
2 263 357 0
2 263 309 0
2 263 300 0
2 264 266 0
2 264 327 0
2 264 365 0
2 264 446 0
2 264 422 0
2 264 433 0
2 264 431 0
2 264 362 0
2 264 322 0
2 264 323 0
2 265 289 0
2 265 281 0
2 265 399 0
2 265 371 0
2 265 396 0
2 265 442 0
2 265 443 0
2 265 272 0
2 265 273 0
2 265 284 0
2 265 437 0
2 265 298 0
2 265 306 0
2 265 423 0
2 265 432 0
2 265 413 0
2 266 358 0
2 266 269 0
2 266 363 0
2 266 427 0
2 266 448 0
2 266 373 0
2 266 353 0
2 266 360 0
2 266 337 0
2 266 449 0
2 267 343 0
2 267 364 0
2 267 415 0
2 267 430 0
2 267 441 0
2 267 278 0
2 267 349 0
2 267 375 0
2 267 270 0
2 267 449 0
2 267 326 0
2 267 368 0
2 267 359 0
2 268 399 0
2 268 440 0
2 268 402 0
2 268 285 0
2 268 436 0
2 268 292 0
2 268 309 0
2 268 315 0
2 268 386 0
2 268 287 0
2 269 340 0
2 269 361 0
2 269 442 0
2 269 416 0
2 269 430 0
2 269 351 0
2 269 446 0
2 269 441 0
2 269 447 0
2 269 363 0
2 269 270 0
2 269 371 0
2 269 272 0
2 269 445 0
2 269 382 0
2 269 320 0
2 269 368 0
2 270 329 0
2 270 323 0
2 270 357 0
2 270 297 0
2 270 439 0
2 270 362 0
2 270 317 0
2 270 438 0
2 270 444 0
2 270 333 0
2 270 272 0
2 270 371 0
2 270 348 0
2 270 281 0
2 270 373 0
2 270 368 0
2 270 449 0
2 271 402 0
2 271 353 0
2 271 319 0
2 271 368 0
2 271 295 0
2 271 312 0
2 272 366 0
2 272 359 0
2 272 330 0
2 272 444 0
2 272 433 0
2 272 395 0
2 272 371 0
2 272 274 0
2 272 325 0
2 272 343 0
2 272 369 0
2 273 374 0
2 273 447 0
2 273 337 0
2 273 285 0
2 273 386 0
2 273 446 0
2 273 331 0
2 273 332 0
2 273 355 0
2 273 381 0
2 273 284 0
2 274 366 0
2 274 298 0
2 274 371 0
2 274 362 0
2 274 447 0
2 274 315 0
2 274 376 0
2 274 277 0
2 274 408 0
2 274 405 0
2 274 437 0
2 274 413 0
2 275 278 0
2 275 328 0
2 275 287 0
2 275 374 0
2 275 346 0
2 275 436 0
2 275 358 0
2 275 294 0
2 276 340 0
2 276 373 0
2 276 384 0
2 276 287 0
2 276 389 0
2 276 335 0
2 276 377 0
2 277 335 0
2 277 416 0
2 277 318 0
2 277 411 0
2 277 369 0
2 277 301 0
2 277 400 0
2 277 408 0
2 277 405 0
2 278 336 0
2 278 381 0
2 278 331 0
2 278 285 0
2 278 439 0
2 278 326 0
2 278 445 0
2 278 391 0
2 278 377 0
2 278 349 0
2 278 325 0
2 279 337 0
2 279 338 0
2 279 343 0
2 279 290 0
2 279 380 0
2 279 390 0
2 279 436 0
2 280 414 0
2 280 448 0
2 280 304 0
2 280 321 0
2 280 419 0
2 280 338 0
2 280 411 0
2 280 373 0
2 280 297 0
2 280 423 0
2 281 380 0
2 281 442 0
2 281 354 0
2 281 373 0
2 282 440 0
2 282 346 0
2 282 390 0
2 282 341 0
2 282 384 0
2 282 389 0
2 282 330 0
2 282 369 0
2 282 374 0
2 282 293 0
2 282 383 0
2 283 390 0
2 283 422 0
2 283 386 0
2 283 391 0
2 283 324 0
2 283 414 0
2 283 341 0
2 283 307 0
2 284 388 0
2 284 392 0
2 284 297 0
2 284 445 0
2 284 372 0
2 284 383 0
2 284 446 0
2 284 332 0
2 284 355 0
2 284 381 0
2 285 386 0
2 285 287 0
2 285 411 0
2 285 392 0
2 285 302 0
2 285 349 0
2 285 292 0
2 285 428 0
2 285 379 0
2 285 296 0
2 285 387 0
2 285 359 0
2 286 327 0
2 286 417 0
2 286 308 0
2 286 425 0
2 286 339 0
2 286 310 0
2 286 315 0
2 286 442 0
2 286 383 0
2 286 293 0
2 287 358 0
2 287 340 0
2 287 379 0
2 287 345 0
2 287 299 0
2 287 330 0
2 287 389 0
2 287 391 0
2 287 383 0
2 287 374 0
2 287 386 0
2 288 401 0
2 288 331 0
2 288 324 0
2 288 389 0
2 288 381 0
2 288 352 0
2 288 414 0
2 288 406 0
2 288 299 0
2 289 420 0
2 289 318 0
2 289 313 0
2 289 447 0
2 289 342 0
2 289 355 0
2 289 381 0
2 289 337 0
2 289 428 0
2 289 445 0
2 289 300 0
2 289 402 0
2 290 386 0
2 290 343 0
2 290 389 0
2 290 394 0
2 290 302 0
2 290 418 0
2 290 296 0
2 290 313 0
2 290 404 0
2 290 361 0
2 290 387 0
2 290 408 0
2 291 389 0
2 291 392 0
2 291 393 0
2 291 439 0
2 291 327 0
2 291 360 0
2 291 355 0
2 291 403 0
2 291 299 0
2 291 417 0
2 291 398 0
2 292 321 0
2 292 431 0
2 292 440 0
2 292 309 0
2 292 436 0
2 292 448 0
2 292 304 0
2 293 299 0
2 293 305 0
2 293 389 0
2 293 400 0
2 293 296 0
2 293 406 0
2 293 392 0
2 293 341 0
2 293 397 0
2 293 396 0
2 294 420 0
2 294 363 0
2 294 330 0
2 294 347 0
2 294 436 0
2 294 358 0
2 294 371 0
2 295 439 0
2 295 402 0
2 295 317 0
2 295 324 0
2 295 434 0
2 295 392 0
2 295 338 0
2 295 361 0
2 295 312 0
2 296 394 0
2 296 302 0
2 296 400 0
2 296 392 0
2 296 313 0
2 296 404 0
2 296 403 0
2 297 345 0
2 297 389 0
2 297 360 0
2 297 395 0
2 297 335 0
2 297 366 0
2 297 299 0
2 297 423 0
2 298 400 0
2 298 364 0
2 298 325 0
2 298 345 0
2 298 346 0
2 298 437 0
2 298 365 0
2 298 327 0
2 299 305 0
2 299 396 0
2 299 345 0
2 299 403 0
2 299 395 0
2 299 335 0
2 299 366 0
2 300 364 0
2 300 369 0
2 300 398 0
2 300 317 0
2 300 426 0
2 300 336 0
2 300 307 0
2 300 402 0
2 301 349 0
2 301 330 0
2 301 367 0
2 301 333 0
2 301 445 0
2 301 394 0
2 301 440 0
2 301 443 0
2 301 308 0
2 301 314 0
2 301 359 0
2 302 398 0
2 302 410 0
2 302 340 0
2 302 308 0
2 302 394 0
2 302 411 0
2 302 304 0
2 302 406 0
2 302 409 0
2 303 406 0
2 303 410 0
2 303 339 0
2 303 429 0
2 303 390 0
2 303 372 0
2 304 338 0
2 304 370 0
2 304 406 0
2 304 333 0
2 304 352 0
2 304 436 0
2 304 448 0
2 305 317 0
2 305 311 0
2 305 409 0
2 305 313 0
2 305 401 0
2 305 417 0
2 305 334 0
2 306 342 0
2 306 408 0
2 306 423 0
2 306 443 0
2 306 375 0
2 306 432 0
2 306 323 0
2 306 354 0
2 306 424 0
2 307 373 0
2 307 414 0
2 307 429 0
2 307 410 0
2 307 336 0
2 307 324 0
2 307 350 0
2 307 341 0
2 308 417 0
2 308 404 0
2 308 330 0
2 308 430 0
2 308 356 0
2 308 412 0
2 308 314 0
2 309 345 0
2 309 347 0
2 309 378 0
2 309 321 0
2 309 435 0
2 309 326 0
2 309 436 0
2 309 357 0
2 310 311 0
2 310 342 0
2 310 332 0
2 310 401 0
2 310 417 0
2 310 427 0
2 310 413 0
2 310 339 0
2 310 358 0
2 310 376 0
2 311 342 0
2 311 409 0
2 311 317 0
2 311 433 0
2 311 420 0
2 312 381 0
2 312 438 0
2 312 350 0
2 312 334 0
2 312 429 0
2 312 410 0
2 312 345 0
2 313 347 0
2 313 401 0
2 313 411 0
2 313 404 0
2 314 435 0
2 314 345 0
2 314 426 0
2 314 320 0
2 314 423 0
2 314 352 0
2 314 410 0
2 314 331 0
2 314 376 0
2 315 363 0
2 315 384 0
2 315 347 0
2 315 376 0
2 315 449 0
2 316 317 0
2 316 348 0
2 316 338 0
2 316 404 0
2 316 350 0
2 316 333 0
2 316 407 0
2 316 423 0
2 317 410 0
2 317 426 0
2 317 444 0
2 317 438 0
2 317 348 0
2 318 421 0
2 318 416 0
2 318 340 0
2 318 356 0
2 318 379 0
2 318 411 0
2 318 406 0
2 318 392 0
2 319 410 0
2 319 320 0
2 319 353 0
2 320 441 0
2 320 351 0
2 320 413 0
2 320 337 0
2 320 429 0
2 320 342 0
2 320 338 0
2 320 368 0
2 321 390 0
2 321 382 0
2 321 338 0
2 322 413 0
2 322 415 0
2 322 420 0
2 322 359 0
2 322 323 0
2 322 365 0
2 322 356 0
2 322 439 0
2 323 444 0
2 323 360 0
2 323 361 0
2 323 366 0
2 323 435 0
2 323 375 0
2 323 432 0
2 323 354 0
2 323 356 0
2 324 436 0
2 324 446 0
2 324 398 0
2 324 393 0
2 324 385 0
2 324 346 0
2 324 386 0
2 324 341 0
2 324 362 0
2 324 421 0
2 324 412 0
2 325 437 0
2 325 364 0
2 325 343 0
2 325 369 0
2 325 416 0
2 325 423 0
2 326 447 0
2 326 424 0
2 326 353 0
2 326 357 0
2 326 349 0
2 326 435 0
2 326 448 0
2 326 368 0
2 326 359 0
2 327 359 0
2 327 388 0
2 327 365 0
2 327 401 0
2 328 366 0
2 328 371 0
2 328 362 0
2 328 370 0
2 328 421 0
2 328 329 0
2 329 443 0
2 329 351 0
2 329 360 0
2 329 446 0
2 330 367 0
2 330 413 0
2 330 372 0
2 330 404 0
2 330 391 0
2 331 422 0
2 331 383 0
2 331 370 0
2 331 364 0
2 331 332 0
2 331 378 0
2 332 441 0
2 332 370 0
2 332 364 0
2 332 365 0
2 332 446 0
2 333 394 0
2 333 412 0
2 333 350 0
2 333 407 0
2 334 360 0
2 334 373 0
2 334 335 0
2 334 427 0
2 334 362 0
2 334 371 0
2 334 425 0
2 334 376 0
2 334 368 0
2 334 401 0
2 334 417 0
2 335 373 0
2 335 363 0
2 335 368 0
2 335 449 0
2 335 339 0
2 335 377 0
2 335 366 0
2 335 338 0
2 336 383 0
2 336 429 0
2 336 397 0
2 336 388 0
2 336 410 0
2 337 389 0
2 337 363 0
2 337 428 0
2 337 445 0
2 337 376 0
2 337 338 0
2 337 350 0
2 338 369 0
2 338 394 0
2 338 370 0
2 338 421 0
2 338 380 0
2 338 371 0
2 338 342 0
2 338 411 0
2 338 366 0
2 339 418 0
2 339 406 0
2 339 413 0
2 340 341 0
2 340 431 0
2 340 366 0
2 340 379 0
2 340 413 0
2 340 392 0
2 341 364 0
2 341 379 0
2 341 369 0
2 341 345 0
2 341 397 0
2 342 374 0
2 342 365 0
2 342 389 0
2 342 370 0
2 342 421 0
2 342 428 0
2 343 382 0
2 343 395 0
2 343 369 0
2 344 396 0
2 344 400 0
2 345 387 0
2 345 424 0
2 345 431 0
2 346 388 0
2 346 424 0
2 346 428 0
2 346 379 0
2 346 393 0
2 346 385 0
2 346 390 0
2 346 372 0
2 347 389 0
2 347 440 0
2 347 351 0
2 347 403 0
2 348 425 0
2 348 376 0
2 348 427 0
2 348 371 0
2 349 372 0
2 349 388 0
2 349 393 0
2 349 445 0
2 349 391 0
2 349 377 0
2 350 406 0
2 350 354 0
2 350 373 0
2 350 402 0
2 350 378 0
2 350 428 0
2 350 438 0
2 350 407 0
2 351 435 0
2 351 369 0
2 351 437 0
2 351 403 0
2 351 430 0
2 352 378 0
2 352 396 0
2 352 440 0
2 352 391 0
2 353 362 0
2 353 355 0
2 353 381 0
2 353 357 0
2 353 409 0
2 354 416 0
2 354 382 0
2 354 438 0
2 354 433 0
2 354 411 0
2 354 442 0
2 354 440 0
2 354 366 0
2 354 406 0
2 354 375 0
2 354 432 0
2 355 443 0
2 355 378 0
2 355 399 0
2 355 381 0
2 356 418 0
2 356 379 0
2 356 444 0
2 356 360 0
2 356 398 0
2 356 412 0
2 356 365 0
2 356 439 0
2 357 404 0
2 357 443 0
2 357 419 0
2 357 440 0
2 357 375 0
2 357 399 0
2 357 430 0
2 357 441 0
2 357 409 0
2 358 384 0
2 358 415 0
2 358 402 0
2 358 376 0
2 358 436 0
2 359 415 0
2 359 401 0
2 359 437 0
2 359 387 0
2 359 368 0
2 360 446 0
2 360 407 0
2 360 444 0
2 361 405 0
2 361 413 0
2 361 429 0
2 361 418 0
2 361 379 0
2 361 410 0
2 361 412 0
2 361 387 0
2 361 408 0
2 362 443 0
2 362 418 0
2 362 366 0
2 362 380 0
2 362 440 0
2 362 439 0
2 362 371 0
2 363 384 0
2 363 425 0
2 363 441 0
2 363 447 0
2 363 449 0
2 364 392 0
2 364 408 0
2 364 387 0
2 364 415 0
2 364 390 0
2 365 374 0
2 365 412 0
2 365 422 0
2 365 421 0
2 365 449 0
2 365 439 0
2 365 446 0
2 366 387 0
2 366 379 0
2 366 389 0
2 367 390 0
2 367 416 0
2 367 418 0
2 367 434 0
2 367 444 0
2 367 411 0
2 368 391 0
2 368 377 0
2 368 375 0
2 368 449 0
2 369 390 0
2 369 411 0
2 369 437 0
2 369 416 0
2 369 415 0
2 369 395 0
2 369 441 0
2 369 447 0
2 370 419 0
2 370 422 0
2 370 383 0
2 370 393 0
2 370 421 0
2 370 428 0
2 371 384 0
2 371 439 0
2 371 380 0
2 372 393 0
2 372 445 0
2 372 434 0
2 372 424 0
2 372 390 0
2 373 422 0
2 373 424 0
2 373 391 0
2 374 436 0
2 374 425 0
2 374 391 0
2 374 383 0
2 375 396 0
2 375 442 0
2 375 408 0
2 375 443 0
2 375 432 0
2 376 425 0
2 376 427 0
2 377 384 0
2 377 445 0
2 377 391 0
2 378 399 0
2 379 431 0
2 379 402 0
2 379 446 0
2 379 428 0
2 380 442 0
2 380 394 0
2 380 437 0
2 381 438 0
2 381 448 0
2 381 402 0
2 381 444 0
2 382 433 0
2 382 431 0
2 382 449 0
2 382 439 0
2 382 390 0
2 382 436 0
2 382 445 0
2 383 440 0
2 383 445 0
2 383 397 0
2 383 401 0
2 383 391 0
2 384 405 0
2 384 406 0
2 385 436 0
2 385 403 0
2 385 434 0
2 385 393 0
2 385 439 0
2 386 423 0
2 387 433 0
2 387 400 0
2 387 408 0
2 388 437 0
2 388 395 0
2 388 439 0
2 389 403 0
2 389 407 0
2 390 411 0
2 390 407 0
2 390 399 0
2 390 436 0
2 391 440 0
2 391 445 0
2 392 408 0
2 392 434 0
2 392 400 0
2 392 411 0
2 392 406 0
2 393 439 0
2 395 414 0
2 395 409 0
2 395 411 0
2 396 442 0
2 397 429 0
2 397 410 0
2 398 414 0
2 398 412 0
2 398 417 0
2 399 445 0
2 399 441 0
2 399 407 0
2 400 413 0
2 400 403 0
2 400 408 0
2 401 409 0
2 401 420 0
2 401 415 0
2 401 417 0
2 402 448 0
2 403 440 0
2 403 416 0
2 403 406 0
2 404 420 0
2 404 417 0
2 404 407 0
2 404 423 0
2 405 447 0
2 405 408 0
2 406 414 0
2 407 426 0
2 407 409 0
2 407 423 0
2 408 410 0
2 409 426 0
2 409 420 0
2 409 412 0
2 409 411 0
2 409 417 0
2 409 445 0
2 410 426 0
2 410 438 0
2 410 429 0
2 410 412 0
2 411 419 0
2 411 433 0
2 412 423 0
2 412 420 0
2 412 430 0
2 413 437 0
2 413 432 0
2 413 429 0
2 414 417 0
2 415 426 0
2 415 418 0
2 416 418 0
2 416 435 0
2 416 440 0
2 416 423 0
2 417 420 0
2 418 421 0
2 418 429 0
2 419 443 0
2 419 426 0
2 421 424 0
2 421 432 0
2 421 428 0
2 421 449 0
2 422 446 0
2 422 445 0
2 423 435 0
2 423 425 0
2 424 435 0
2 425 449 0
2 425 447 0
2 425 427 0
2 426 433 0
2 426 438 0
2 427 438 0
2 428 446 0
2 428 445 0
2 430 441 0
2 431 438 0
2 432 435 0
2 433 445 0
2 433 444 0
2 434 446 0
2 435 447 0
2 435 448 0
2 436 447 0
2 436 448 0
2 437 449 0
2 438 440 0
2 438 444 0
2 441 443 0
2 441 447 0
2 445 447 0
2 447 449 0
