1922.1537073329753
2308.3517840137165
2355.9258584809018
2360.0615978259516
2360.0615978259516
2404.368807214853
2404.368807214853
2417.1434780340683
2464.4136927107193
2465.3692351582713
Fittest Chromosome has fitness 2465.3692351582713
0.58
0.53
-2.57
1.68
0.23
-0.52
1.06
1.96
0.01
-0.02
-0.53
2.90
-1.83
1.79
2.38
-2.33
1.08
-0.11
-2.34
0.45
-0.56
-2.85
0.11
-0.29
0.52
1.24
-1.09
-0.29
-1.70
-1.01
-0.30
1.39
0.20
0.65
0.30
0.83
1.82
0.38
-1.92
-0.60
-1.33
-0.15
0.53
-0.78
1.33
-0.52
1.82
0.26
0.37
-0.57
-0.26
-2.42
-1.35
-0.46
-1.83
0.35
-0.25
0.14
-0.83
3.15
-2.20
-2.02
-0.16
0.25
0.97
-1.96
-0.19
0.73
0.56
0.06
1.52
1.86
-0.04
-0.04
2.09
-0.80
0.97
-0.75
0.31
-0.00
-1.43
-0.54
0.89
1.28
0.16
-1.53
0.62
-1.89
-0.06
0.10
0.29
1.42
1.20
0.21
1.92
-1.00
0.19
-1.53
-0.15
-1.31
程序运行时间： 40662ms
